{"id": "po_a010_t10_s02", "assets": 10, "periods": 10, "symbols": ["AAPL", "AMZN", "AVGO", "GOOG", "GOOGL", "META", "MSFT", "NVDA", "TSLA", "WMT"], "priceSeries": [{"symbol": "AAPL", "points": [{"day": 0, "normalized": 100.0}, {"day": 1, "normalized": 99.1473}, {"day": 2, "normalized": 100.0575}, {"day": 3, "normalized": 101.1998}, {"day": 4, "normalized": 102.9316}, {"day": 5, "normalized": 102.3791}, {"day": 6, "normalized": 102.513}, {"day": 7, "normalized": 101.0234}, {"day": 8, "normalized": 98.8179}, {"day": 9, "normalized": 98.0867}]}, {"symbol": "AMZN", "points": [{"day": 0, "normalized": 100.0}, {"day": 1, "normalized": 101.2607}, {"day": 2, "normalized": 102.7981}, {"day": 3, "normalized": 103.2329}, {"day": 4, "normalized": 104.1964}, {"day": 5, "normalized": 104.1441}, {"day": 6, "normalized": 107.1033}, {"day": 7, "normalized": 106.3794}, {"day": 8, "normalized": 106.3088}, {"day": 9, "normalized": 104.4943}]}, {"symbol": "AVGO", "points": [{"day": 0, "normalized": 100.0}, {"day": 1, "normalized": 104.1039}, {"day": 2, "normalized": 103.5605}, {"day": 3, "normalized": 102.3459}, {"day": 4, "normalized": 105.7293}, {"day": 5, "normalized": 106.5574}, {"day": 6, "normalized": 103.9241}, {"day": 7, "normalized": 105.7946}, {"day": 8, "normalized": 104.6573}, {"day": 9, "normalized": 101.7514}]}, {"symbol": "GOOG", "points": [{"day": 0, "normalized": 100.0}, {"day": 1, "normalized": 99.2146}, {"day": 2, "normalized": 99.8398}, {"day": 3, "normalized": 100.2194}, {"day": 4, "normalized": 102.194}, {"day": 5, "normalized": 104.2055}, {"day": 6, "normalized": 107.1313}, {"day": 7, "normalized": 105.6816}, {"day": 8, "normalized": 107.3386}, {"day": 9, "normalized": 106.3126}]}, {"symbol": "GOOGL", "points": [{"day": 0, "normalized": 100.0}, {"day": 1, "normalized": 99.309}, {"day": 2, "normalized": 100.0409}, {"day": 3, "normalized": 100.3845}, {"day": 4, "normalized": 102.5101}, {"day": 5, "normalized": 104.4843}, {"day": 6, "normalized": 107.5759}, {"day": 7, "normalized": 106.0219}, {"day": 8, "normalized": 107.3986}, {"day": 9, "normalized": 106.5119}]}, {"symbol": "META", "points": [{"day": 0, "normalized": 100.0}, {"day": 1, "normalized": 101.2513}, {"day": 2, "normalized": 103.4974}, {"day": 3, "normalized": 103.038}, {"day": 4, "normalized": 105.4864}, {"day": 5, "normalized": 104.859}, {"day": 6, "normalized": 107.2376}, {"day": 7, "normalized": 107.6573}, {"day": 8, "normalized": 105.2599}, {"day": 9, "normalized": 103.2186}]}, {"symbol": "MSFT", "points": [{"day": 0, "normalized": 100.0}, {"day": 1, "normalized": 100.8567}, {"day": 2, "normalized": 102.4071}, {"day": 3, "normalized": 101.3386}, {"day": 4, "normalized": 101.97}, {"day": 5, "normalized": 102.1212}, {"day": 6, "normalized": 105.2166}, {"day": 7, "normalized": 104.6604}, {"day": 8, "normalized": 104.232}, {"day": 9, "normalized": 102.5506}]}, {"symbol": "NVDA", "points": [{"day": 0, "normalized": 100.0}, {"day": 1, "normalized": 105.5921}, {"day": 2, "normalized": 110.1377}, {"day": 3, "normalized": 108.2901}, {"day": 4, "normalized": 115.9962}, {"day": 5, "normalized": 115.4164}, {"day": 6, "normalized": 120.5937}, {"day": 7, "normalized": 120.4177}, {"day": 8, "normalized": 118.1533}, {"day": 9, "normalized": 117.1642}]}, {"symbol": "TSLA", "points": [{"day": 0, "normalized": 100.0}, {"day": 1, "normalized": 100.7076}, {"day": 2, "normalized": 102.1425}, {"day": 3, "normalized": 105.0906}, {"day": 4, "normalized": 105.1093}, {"day": 5, "normalized": 103.6884}, {"day": 6, "normalized": 99.9751}, {"day": 7, "normalized": 99.5138}, {"day": 8, "normalized": 101.783}, {"day": 9, "normalized": 99.8662}]}, {"symbol": "WMT", "points": [{"day": 0, "normalized": 100.0}, {"day": 1, "normalized": 101.155}, {"day": 2, "normalized": 99.9635}, {"day": 3, "normalized": 100.3406}, {"day": 4, "normalized": 100.2924}, {"day": 5, "normalized": 99.4398}, {"day": 6, "normalized": 99.6395}, {"day": 7, "normalized": 99.7073}, {"day": 8, "normalized": 100.6532}, {"day": 9, "normalized": 99.81}]}], "covarianceHeatmap": {"day": 9, "symbols": ["AAPL", "AMZN", "AVGO", "GOOG", "GOOGL", "META", "MSFT", "NVDA", "TSLA", "WMT"], "values": [[0.000173, 2.2e-05, 1.9e-05, 5.9e-05, 6.2e-05, 8.3e-05, 3.2e-05, 0.000113, 0.00017, -3.3e-05], [2.2e-05, 0.000264, 0.000419, 8.9e-05, 9.9e-05, 0.000388, 0.000167, 0.000766, 0.000156, 7e-06], [1.9e-05, 0.000419, 0.001435, 6.6e-05, 7.9e-05, 0.000692, 0.000293, 0.001978, 0.000406, 3.5e-05], [5.9e-05, 8.9e-05, 6.6e-05, 0.000256, 0.000254, 6.7e-05, 0.000104, 0.000172, 4e-06, -8e-05], [6.2e-05, 9.9e-05, 7.9e-05, 0.000254, 0.000254, 9e-05, 0.00011, 0.000209, 3e-06, -7.7e-05], [8.3e-05, 0.000388, 0.000692, 6.7e-05, 9e-05, 0.000923, 0.000231, 0.001129, 0.000265, 4.9e-05], [3.2e-05, 0.000167, 0.000293, 0.000104, 0.00011, 0.000231, 0.00017, 0.000572, 7.8e-05, -0.0], [0.000113, 0.000766, 0.001978, 0.000172, 0.000209, 0.001129, 0.000572, 0.003767, 0.000631, 7e-06], [0.00017, 0.000156, 0.000406, 4e-06, 3e-06, 0.000265, 7.8e-05, 0.000631, 0.000664, -3.5e-05], [-3.3e-05, 7e-06, 3.5e-05, -8e-05, -7.7e-05, 4.9e-05, -0.0, 7e-06, -3.5e-05, 0.000119]]}}