{"id": "po_a010_t15_s01", "assets": 10, "periods": 15, "symbols": ["AAPL", "AMZN", "AVGO", "GOOG", "GOOGL", "META", "MSFT", "NVDA", "TSLA", "WMT"], "priceSeries": [{"symbol": "AAPL", "points": [{"day": 0, "normalized": 100.0}, {"day": 1, "normalized": 97.426}, {"day": 2, "normalized": 95.9294}, {"day": 3, "normalized": 94.18}, {"day": 4, "normalized": 92.7365}, {"day": 5, "normalized": 91.7002}, {"day": 6, "normalized": 90.5896}, {"day": 7, "normalized": 91.1684}, {"day": 8, "normalized": 88.7007}, {"day": 9, "normalized": 86.4158}, {"day": 10, "normalized": 86.2848}, {"day": 11, "normalized": 86.9159}, {"day": 12, "normalized": 85.9764}, {"day": 13, "normalized": 86.4823}, {"day": 14, "normalized": 88.0972}]}, {"symbol": "AMZN", "points": [{"day": 0, "normalized": 100.0}, {"day": 1, "normalized": 101.2009}, {"day": 2, "normalized": 101.5667}, {"day": 3, "normalized": 101.7681}, {"day": 4, "normalized": 104.1317}, {"day": 5, "normalized": 107.993}, {"day": 6, "normalized": 108.4624}, {"day": 7, "normalized": 109.2713}, {"day": 8, "normalized": 106.7706}, {"day": 9, "normalized": 106.8894}, {"day": 10, "normalized": 108.029}, {"day": 11, "normalized": 108.8165}, {"day": 12, "normalized": 109.1927}, {"day": 13, "normalized": 111.5151}, {"day": 14, "normalized": 110.7842}]}, {"symbol": "AVGO", "points": [{"day": 0, "normalized": 100.0}, {"day": 1, "normalized": 105.745}, {"day": 2, "normalized": 108.2959}, {"day": 3, "normalized": 111.1049}, {"day": 4, "normalized": 111.2399}, {"day": 5, "normalized": 116.0227}, {"day": 6, "normalized": 117.4363}, {"day": 7, "normalized": 118.2219}, {"day": 8, "normalized": 118.9808}, {"day": 9, "normalized": 120.3376}, {"day": 10, "normalized": 121.8381}, {"day": 11, "normalized": 122.1579}, {"day": 12, "normalized": 122.6771}, {"day": 13, "normalized": 126.8003}, {"day": 14, "normalized": 121.6497}]}, {"symbol": "GOOG", "points": [{"day": 0, "normalized": 100.0}, {"day": 1, "normalized": 98.9181}, {"day": 2, "normalized": 98.4061}, {"day": 3, "normalized": 99.3217}, {"day": 4, "normalized": 99.0678}, {"day": 5, "normalized": 102.293}, {"day": 6, "normalized": 102.9788}, {"day": 7, "normalized": 104.7274}, {"day": 8, "normalized": 101.8544}, {"day": 9, "normalized": 101.3959}, {"day": 10, "normalized": 101.7958}, {"day": 11, "normalized": 103.4067}, {"day": 12, "normalized": 103.0464}, {"day": 13, "normalized": 104.7822}, {"day": 14, "normalized": 106.641}]}, {"symbol": "GOOGL", "points": [{"day": 0, "normalized": 100.0}, {"day": 1, "normalized": 99.0385}, {"day": 2, "normalized": 98.4232}, {"day": 3, "normalized": 99.3422}, {"day": 4, "normalized": 99.0936}, {"day": 5, "normalized": 102.3623}, {"day": 6, "normalized": 103.2023}, {"day": 7, "normalized": 105.0016}, {"day": 8, "normalized": 102.1136}, {"day": 9, "normalized": 101.601}, {"day": 10, "normalized": 102.1167}, {"day": 11, "normalized": 103.3621}, {"day": 12, "normalized": 102.9288}, {"day": 13, "normalized": 104.589}, {"day": 14, "normalized": 106.2677}]}, {"symbol": "META", "points": [{"day": 0, "normalized": 100.0}, {"day": 1, "normalized": 103.0554}, {"day": 2, "normalized": 104.51}, {"day": 3, "normalized": 106.3011}, {"day": 4, "normalized": 108.4819}, {"day": 5, "normalized": 113.0836}, {"day": 6, "normalized": 115.7145}, {"day": 7, "normalized": 117.1088}, {"day": 8, "normalized": 115.2882}, {"day": 9, "normalized": 116.3129}, {"day": 10, "normalized": 118.751}, {"day": 11, "normalized": 115.1487}, {"day": 12, "normalized": 115.8959}, {"day": 13, "normalized": 118.8343}, {"day": 14, "normalized": 109.1546}]}, {"symbol": "MSFT", "points": [{"day": 0, "normalized": 100.0}, {"day": 1, "normalized": 100.5687}, {"day": 2, "normalized": 100.5121}, {"day": 3, "normalized": 100.9182}, {"day": 4, "normalized": 101.0825}, {"day": 5, "normalized": 103.5856}, {"day": 6, "normalized": 104.7087}, {"day": 7, "normalized": 105.5706}, {"day": 8, "normalized": 104.045}, {"day": 9, "normalized": 103.3478}, {"day": 10, "normalized": 103.4302}, {"day": 11, "normalized": 102.9204}, {"day": 12, "normalized": 102.7476}, {"day": 13, "normalized": 104.3164}, {"day": 14, "normalized": 103.5091}]}, {"symbol": "NVDA", "points": [{"day": 0, "normalized": 100.0}, {"day": 1, "normalized": 111.7111}, {"day": 2, "normalized": 116.0342}, {"day": 3, "normalized": 119.3492}, {"day": 4, "normalized": 117.8779}, {"day": 5, "normalized": 124.5535}, {"day": 6, "normalized": 129.4337}, {"day": 7, "normalized": 130.1942}, {"day": 8, "normalized": 131.8352}, {"day": 9, "normalized": 134.9275}, {"day": 10, "normalized": 138.8823}, {"day": 11, "normalized": 139.0727}, {"day": 12, "normalized": 138.6285}, {"day": 13, "normalized": 146.9308}, {"day": 14, "normalized": 137.6623}]}, {"symbol": "TSLA", "points": [{"day": 0, "normalized": 100.0}, {"day": 1, "normalized": 98.8944}, {"day": 2, "normalized": 99.4471}, {"day": 3, "normalized": 99.0209}, {"day": 4, "normalized": 97.3428}, {"day": 5, "normalized": 93.2807}, {"day": 6, "normalized": 93.4071}, {"day": 7, "normalized": 94.0269}, {"day": 8, "normalized": 93.7804}, {"day": 9, "normalized": 91.6903}, {"day": 10, "normalized": 88.1303}, {"day": 11, "normalized": 84.879}, {"day": 12, "normalized": 82.7275}, {"day": 13, "normalized": 82.4017}, {"day": 14, "normalized": 82.2347}]}, {"symbol": "WMT", "points": [{"day": 0, "normalized": 100.0}, {"day": 1, "normalized": 99.1496}, {"day": 2, "normalized": 98.1121}, {"day": 3, "normalized": 96.0764}, {"day": 4, "normalized": 94.8811}, {"day": 5, "normalized": 95.3868}, {"day": 6, "normalized": 94.7274}, {"day": 7, "normalized": 94.8702}, {"day": 8, "normalized": 94.9726}, {"day": 9, "normalized": 95.3562}, {"day": 10, "normalized": 95.993}, {"day": 11, "normalized": 96.7284}, {"day": 12, "normalized": 96.108}, {"day": 13, "normalized": 96.2335}, {"day": 14, "normalized": 96.9136}]}], "covarianceHeatmap": {"day": 14, "symbols": ["AAPL", "AMZN", "AVGO", "GOOG", "GOOGL", "META", "MSFT", "NVDA", "TSLA", "WMT"], "values": [[0.000149, 3.7e-05, -7.7e-05, 0.000137, 0.000144, -5.2e-05, 3.7e-05, -0.000105, 0.000118, 3.5e-05], [3.7e-05, 0.000209, 0.000124, 0.000115, 0.000107, 0.000269, 0.000114, 0.000232, -4.6e-05, -1.7e-05], [-7.7e-05, 0.000124, 0.000426, -2.9e-05, 1.1e-05, 0.000302, 0.000104, 0.000524, 5e-05, -3.8e-05], [0.000137, 0.000115, -2.9e-05, 0.000317, 0.000344, 7.6e-05, 7.7e-05, 3e-06, -2.8e-05, -0.0], [0.000144, 0.000107, 1.1e-05, 0.000344, 0.000472, 7.8e-05, 7.5e-05, 4e-06, -4e-06, -8e-06], [-5.2e-05, 0.000269, 0.000302, 7.6e-05, 7.8e-05, 0.000758, 0.00018, 0.000629, 8.5e-05, -2.9e-05], [3.7e-05, 0.000114, 0.000104, 7.7e-05, 7.5e-05, 0.00018, 9.7e-05, 0.000165, 7.4e-05, -2e-06], [-0.000105, 0.000232, 0.000524, 3e-06, 4e-06, 0.000629, 0.000165, 0.001221, 4.9e-05, -5.4e-05], [0.000118, -4.6e-05, 5e-05, -2.8e-05, -4e-06, 8.5e-05, 7.4e-05, 4.9e-05, 0.000803, 3.6e-05], [3.5e-05, -1.7e-05, -3.8e-05, -0.0, -8e-06, -2.9e-05, -2e-06, -5.4e-05, 3.6e-05, 5.6e-05]]}}