{"id": "po_a010_t15_s00", "assets": 10, "periods": 15, "symbols": ["AAPL", "AMZN", "AVGO", "GOOG", "GOOGL", "META", "MSFT", "NVDA", "TSLA", "WMT"], "priceSeries": [{"symbol": "AAPL", "points": [{"day": 0, "normalized": 100.0}, {"day": 1, "normalized": 100.8317}, {"day": 2, "normalized": 101.4265}, {"day": 3, "normalized": 98.7394}, {"day": 4, "normalized": 97.5622}, {"day": 5, "normalized": 96.1049}, {"day": 6, "normalized": 94.8175}, {"day": 7, "normalized": 96.4132}, {"day": 8, "normalized": 95.7447}, {"day": 9, "normalized": 94.4568}, {"day": 10, "normalized": 97.6707}, {"day": 11, "normalized": 95.8222}, {"day": 12, "normalized": 95.639}, {"day": 13, "normalized": 95.7489}, {"day": 14, "normalized": 96.8797}]}, {"symbol": "AMZN", "points": [{"day": 0, "normalized": 100.0}, {"day": 1, "normalized": 105.0881}, {"day": 2, "normalized": 106.1502}, {"day": 3, "normalized": 106.3031}, {"day": 4, "normalized": 108.5448}, {"day": 5, "normalized": 108.2986}, {"day": 6, "normalized": 107.5874}, {"day": 7, "normalized": 107.8237}, {"day": 8, "normalized": 109.2442}, {"day": 9, "normalized": 108.4645}, {"day": 10, "normalized": 108.1948}, {"day": 11, "normalized": 107.2586}, {"day": 12, "normalized": 106.7746}, {"day": 13, "normalized": 106.0125}, {"day": 14, "normalized": 105.4306}]}, {"symbol": "AVGO", "points": [{"day": 0, "normalized": 100.0}, {"day": 1, "normalized": 113.321}, {"day": 2, "normalized": 117.4753}, {"day": 3, "normalized": 117.6713}, {"day": 4, "normalized": 123.1656}, {"day": 5, "normalized": 125.0189}, {"day": 6, "normalized": 124.1336}, {"day": 7, "normalized": 120.8419}, {"day": 8, "normalized": 122.0554}, {"day": 9, "normalized": 123.2856}, {"day": 10, "normalized": 128.6108}, {"day": 11, "normalized": 126.9145}, {"day": 12, "normalized": 127.4317}, {"day": 13, "normalized": 128.2193}, {"day": 14, "normalized": 128.4609}]}, {"symbol": "GOOG", "points": [{"day": 0, "normalized": 100.0}, {"day": 1, "normalized": 101.1493}, {"day": 2, "normalized": 102.0447}, {"day": 3, "normalized": 102.3357}, {"day": 4, "normalized": 105.8744}, {"day": 5, "normalized": 105.8115}, {"day": 6, "normalized": 105.1039}, {"day": 7, "normalized": 104.9713}, {"day": 8, "normalized": 102.6943}, {"day": 9, "normalized": 101.3927}, {"day": 10, "normalized": 99.4158}, {"day": 11, "normalized": 99.3471}, {"day": 12, "normalized": 95.8004}, {"day": 13, "normalized": 95.2754}, {"day": 14, "normalized": 93.3187}]}, {"symbol": "GOOGL", "points": [{"day": 0, "normalized": 100.0}, {"day": 1, "normalized": 101.5595}, {"day": 2, "normalized": 102.5332}, {"day": 3, "normalized": 102.8017}, {"day": 4, "normalized": 106.4725}, {"day": 5, "normalized": 106.5892}, {"day": 6, "normalized": 105.9549}, {"day": 7, "normalized": 105.7477}, {"day": 8, "normalized": 103.5753}, {"day": 9, "normalized": 102.1655}, {"day": 10, "normalized": 100.2313}, {"day": 11, "normalized": 100.0455}, {"day": 12, "normalized": 96.6104}, {"day": 13, "normalized": 96.2947}, {"day": 14, "normalized": 94.0866}]}, {"symbol": "META", "points": [{"day": 0, "normalized": 100.0}, {"day": 1, "normalized": 110.3345}, {"day": 2, "normalized": 111.4955}, {"day": 3, "normalized": 110.0799}, {"day": 4, "normalized": 112.0856}, {"day": 5, "normalized": 113.9771}, {"day": 6, "normalized": 112.3657}, {"day": 7, "normalized": 113.0811}, {"day": 8, "normalized": 114.4949}, {"day": 9, "normalized": 115.4719}, {"day": 10, "normalized": 117.5042}, {"day": 11, "normalized": 115.6344}, {"day": 12, "normalized": 116.461}, {"day": 13, "normalized": 116.998}, {"day": 14, "normalized": 117.4289}]}, {"symbol": "MSFT", "points": [{"day": 0, "normalized": 100.0}, {"day": 1, "normalized": 104.9926}, {"day": 2, "normalized": 106.0023}, {"day": 3, "normalized": 106.2036}, {"day": 4, "normalized": 106.9456}, {"day": 5, "normalized": 106.7438}, {"day": 6, "normalized": 105.7452}, {"day": 7, "normalized": 106.3651}, {"day": 8, "normalized": 106.7316}, {"day": 9, "normalized": 105.7499}, {"day": 10, "normalized": 105.3764}, {"day": 11, "normalized": 104.7495}, {"day": 12, "normalized": 104.2054}, {"day": 13, "normalized": 103.2459}, {"day": 14, "normalized": 102.9754}]}, {"symbol": "NVDA", "points": [{"day": 0, "normalized": 100.0}, {"day": 1, "normalized": 128.8723}, {"day": 2, "normalized": 132.6683}, {"day": 3, "normalized": 131.3272}, {"day": 4, "normalized": 137.22}, {"day": 5, "normalized": 145.7208}, {"day": 6, "normalized": 143.7603}, {"day": 7, "normalized": 141.5683}, {"day": 8, "normalized": 144.0744}, {"day": 9, "normalized": 148.6706}, {"day": 10, "normalized": 155.302}, {"day": 11, "normalized": 156.8955}, {"day": 12, "normalized": 161.0102}, {"day": 13, "normalized": 158.6449}, {"day": 14, "normalized": 154.934}]}, {"symbol": "TSLA", "points": [{"day": 0, "normalized": 100.0}, {"day": 1, "normalized": 101.8775}, {"day": 2, "normalized": 104.1682}, {"day": 3, "normalized": 100.4802}, {"day": 4, "normalized": 103.0495}, {"day": 5, "normalized": 98.1423}, {"day": 6, "normalized": 102.4498}, {"day": 7, "normalized": 105.1797}, {"day": 8, "normalized": 102.8324}, {"day": 9, "normalized": 101.8174}, {"day": 10, "normalized": 104.7507}, {"day": 11, "normalized": 100.6553}, {"day": 12, "normalized": 101.0541}, {"day": 13, "normalized": 102.3061}, {"day": 14, "normalized": 102.2407}]}, {"symbol": "WMT", "points": [{"day": 0, "normalized": 100.0}, {"day": 1, "normalized": 102.3656}, {"day": 2, "normalized": 101.7819}, {"day": 3, "normalized": 101.8621}, {"day": 4, "normalized": 103.1981}, {"day": 5, "normalized": 103.4596}, {"day": 6, "normalized": 103.3818}, {"day": 7, "normalized": 103.6884}, {"day": 8, "normalized": 102.7223}, {"day": 9, "normalized": 103.7643}, {"day": 10, "normalized": 104.78}, {"day": 11, "normalized": 106.5045}, {"day": 12, "normalized": 106.5811}, {"day": 13, "normalized": 106.5386}, {"day": 14, "normalized": 106.6377}]}], "covarianceHeatmap": {"day": 14, "symbols": ["AAPL", "AMZN", "AVGO", "GOOG", "GOOGL", "META", "MSFT", "NVDA", "TSLA", "WMT"], "values": [[0.000144, 3e-05, 0.000113, -3.1e-05, -2.8e-05, 0.000111, 3.6e-05, 0.000101, 0.000176, 8e-06], [3e-05, 0.00026, 0.000314, 0.000111, 0.000124, 0.000397, 0.000182, 0.000609, 3.5e-05, 2.2e-05], [0.000113, 0.000314, 0.000978, 0.000124, 0.000151, 0.000637, 0.000285, 0.001507, 0.000206, 7.6e-05], [-3.1e-05, 0.000111, 0.000124, 0.000541, 0.000536, 9.9e-05, 0.000131, 0.000178, -5e-05, -7.8e-05], [-2.8e-05, 0.000124, 0.000151, 0.000536, 0.000534, 0.000124, 0.000141, 0.000218, -3.9e-05, -7.4e-05], [0.000111, 0.000397, 0.000637, 9.9e-05, 0.000124, 0.000803, 0.000287, 0.00129, 0.000108, 8.6e-05], [3.6e-05, 0.000182, 0.000285, 0.000131, 0.000141, 0.000287, 0.000162, 0.000525, 3e-05, 1e-05], [0.000101, 0.000609, 0.001507, 0.000178, 0.000218, 0.00129, 0.000525, 0.003491, -1.7e-05, 0.000216], [0.000176, 3.5e-05, 0.000206, -5e-05, -3.9e-05, 0.000108, 3e-05, -1.7e-05, 0.00056, 3.9e-05], [8e-06, 2.2e-05, 7.6e-05, -7.8e-05, -7.4e-05, 8.6e-05, 1e-05, 0.000216, 3.9e-05, 8.7e-05]]}}