{"id": "po_a010_t10_s01", "assets": 10, "periods": 10, "symbols": ["AAPL", "AMZN", "AVGO", "GOOG", "GOOGL", "META", "MSFT", "NVDA", "TSLA", "WMT"], "priceSeries": [{"symbol": "AAPL", "points": [{"day": 0, "normalized": 100.0}, {"day": 1, "normalized": 97.426}, {"day": 2, "normalized": 95.9294}, {"day": 3, "normalized": 94.18}, {"day": 4, "normalized": 92.7365}, {"day": 5, "normalized": 91.7002}, {"day": 6, "normalized": 90.5896}, {"day": 7, "normalized": 91.1684}, {"day": 8, "normalized": 88.7007}, {"day": 9, "normalized": 86.4158}]}, {"symbol": "AMZN", "points": [{"day": 0, "normalized": 100.0}, {"day": 1, "normalized": 101.2009}, {"day": 2, "normalized": 101.5667}, {"day": 3, "normalized": 101.7681}, {"day": 4, "normalized": 104.1317}, {"day": 5, "normalized": 107.993}, {"day": 6, "normalized": 108.4624}, {"day": 7, "normalized": 109.2713}, {"day": 8, "normalized": 106.7706}, {"day": 9, "normalized": 106.8894}]}, {"symbol": "AVGO", "points": [{"day": 0, "normalized": 100.0}, {"day": 1, "normalized": 105.745}, {"day": 2, "normalized": 108.2959}, {"day": 3, "normalized": 111.1049}, {"day": 4, "normalized": 111.2399}, {"day": 5, "normalized": 116.0227}, {"day": 6, "normalized": 117.4363}, {"day": 7, "normalized": 118.2219}, {"day": 8, "normalized": 118.9808}, {"day": 9, "normalized": 120.3376}]}, {"symbol": "GOOG", "points": [{"day": 0, "normalized": 100.0}, {"day": 1, "normalized": 98.9181}, {"day": 2, "normalized": 98.4061}, {"day": 3, "normalized": 99.3217}, {"day": 4, "normalized": 99.0678}, {"day": 5, "normalized": 102.293}, {"day": 6, "normalized": 102.9788}, {"day": 7, "normalized": 104.7274}, {"day": 8, "normalized": 101.8544}, {"day": 9, "normalized": 101.3959}]}, {"symbol": "GOOGL", "points": [{"day": 0, "normalized": 100.0}, {"day": 1, "normalized": 99.0385}, {"day": 2, "normalized": 98.4232}, {"day": 3, "normalized": 99.3422}, {"day": 4, "normalized": 99.0936}, {"day": 5, "normalized": 102.3623}, {"day": 6, "normalized": 103.2023}, {"day": 7, "normalized": 105.0016}, {"day": 8, "normalized": 102.1136}, {"day": 9, "normalized": 101.601}]}, {"symbol": "META", "points": [{"day": 0, "normalized": 100.0}, {"day": 1, "normalized": 103.0554}, {"day": 2, "normalized": 104.51}, {"day": 3, "normalized": 106.3011}, {"day": 4, "normalized": 108.4819}, {"day": 5, "normalized": 113.0836}, {"day": 6, "normalized": 115.7145}, {"day": 7, "normalized": 117.1088}, {"day": 8, "normalized": 115.2882}, {"day": 9, "normalized": 116.3129}]}, {"symbol": "MSFT", "points": [{"day": 0, "normalized": 100.0}, {"day": 1, "normalized": 100.5687}, {"day": 2, "normalized": 100.5121}, {"day": 3, "normalized": 100.9182}, {"day": 4, "normalized": 101.0825}, {"day": 5, "normalized": 103.5856}, {"day": 6, "normalized": 104.7087}, {"day": 7, "normalized": 105.5706}, {"day": 8, "normalized": 104.045}, {"day": 9, "normalized": 103.3478}]}, {"symbol": "NVDA", "points": [{"day": 0, "normalized": 100.0}, {"day": 1, "normalized": 111.7111}, {"day": 2, "normalized": 116.0342}, {"day": 3, "normalized": 119.3492}, {"day": 4, "normalized": 117.8779}, {"day": 5, "normalized": 124.5535}, {"day": 6, "normalized": 129.4337}, {"day": 7, "normalized": 130.1942}, {"day": 8, "normalized": 131.8352}, {"day": 9, "normalized": 134.9275}]}, {"symbol": "TSLA", "points": [{"day": 0, "normalized": 100.0}, {"day": 1, "normalized": 98.8944}, {"day": 2, "normalized": 99.4471}, {"day": 3, "normalized": 99.0209}, {"day": 4, "normalized": 97.3428}, {"day": 5, "normalized": 93.2807}, {"day": 6, "normalized": 93.4071}, {"day": 7, "normalized": 94.0269}, {"day": 8, "normalized": 93.7804}, {"day": 9, "normalized": 91.6903}]}, {"symbol": "WMT", "points": [{"day": 0, "normalized": 100.0}, {"day": 1, "normalized": 99.1496}, {"day": 2, "normalized": 98.1121}, {"day": 3, "normalized": 96.0764}, {"day": 4, "normalized": 94.8811}, {"day": 5, "normalized": 95.3868}, {"day": 6, "normalized": 94.7274}, {"day": 7, "normalized": 94.8702}, {"day": 8, "normalized": 94.9726}, {"day": 9, "normalized": 95.3562}]}], "covarianceHeatmap": {"day": 9, "symbols": ["AAPL", "AMZN", "AVGO", "GOOG", "GOOGL", "META", "MSFT", "NVDA", "TSLA", "WMT"], "values": [[0.000167, 6.5e-05, 2.3e-05, 0.000185, 0.000202, 2.4e-05, 8.4e-05, 6.6e-05, 0.000171, 2.7e-05], [6.5e-05, 0.000266, 0.000153, 0.000189, 0.000188, 0.000261, 0.000145, 0.0003, 2.5e-05, -1.5e-05], [2.3e-05, 0.000153, 0.000398, 8.7e-05, 0.000125, 0.000107, 0.000122, 0.000504, 0.000111, -2.4e-05], [0.000185, 0.000189, 8.7e-05, 0.000458, 0.000497, 0.000126, 0.000145, 0.000204, 5.1e-05, -1.5e-05], [0.000202, 0.000188, 0.000125, 0.000497, 0.000637, 0.000114, 0.000146, 0.000205, 7.3e-05, -2.1e-05], [2.4e-05, 0.000261, 0.000107, 0.000126, 0.000114, 0.000464, 0.000142, 0.000326, 7.4e-05, -5e-06], [8.4e-05, 0.000145, 0.000122, 0.000145, 0.000146, 0.000142, 0.000124, 0.000211, 9.9e-05, 2e-06], [6.6e-05, 0.0003, 0.000504, 0.000204, 0.000205, 0.000326, 0.000211, 0.00124, 0.000177, -3e-05], [0.000171, 2.5e-05, 0.000111, 5.1e-05, 7.3e-05, 7.4e-05, 9.9e-05, 0.000177, 0.000791, 4.9e-05], [2.7e-05, -1.5e-05, -2.4e-05, -1.5e-05, -2.1e-05, -5e-06, 2e-06, -3e-05, 4.9e-05, 5.4e-05]]}}