{"id": "po_a050_t15_orig", "assets": 50, "periods": 15, "symbols": ["AAPL", "ABBV", "ABT", "ACN", "ADBE", "AMD", "AMZN", "AVGO", "AXP", "BAC", "BX", "CAT", "COST", "CRM", "CSCO", "CVX", "DIS", "GE", "GOOG", "GOOGL", "GS", "HD", "IBM", "ISRG", "JNJ", "JPM", "KO", "LIN", "LLY", "MA", "MCD", "META", "MRK", "MS", "MSFT", "NFLX", "NOW", "NVDA", "ORCL", "PEP", "PG", "PM", "TMO", "TMUS", "TSLA", "UNH", "V", "WFC", "WMT", "XOM"], "priceSeries": [{"symbol": "AAPL", "points": [{"day": 0, "normalized": 100.0}, {"day": 1, "normalized": 99.1544}, {"day": 2, "normalized": 98.4605}, {"day": 3, "normalized": 98.9328}, {"day": 4, "normalized": 98.4488}, {"day": 5, "normalized": 98.892}, {"day": 6, "normalized": 98.233}, {"day": 7, "normalized": 98.9445}, {"day": 8, "normalized": 97.8423}, {"day": 9, "normalized": 102.076}, {"day": 10, "normalized": 102.9566}, {"day": 11, "normalized": 100.7056}, {"day": 12, "normalized": 98.7754}, {"day": 13, "normalized": 97.9706}, {"day": 14, "normalized": 97.4108}]}, {"symbol": "ABBV", "points": [{"day": 0, "normalized": 100.0}, {"day": 1, "normalized": 99.2641}, {"day": 2, "normalized": 99.2257}, {"day": 3, "normalized": 97.3806}, {"day": 4, "normalized": 92.2021}, {"day": 5, "normalized": 93.3553}, {"day": 6, "normalized": 93.2455}, {"day": 7, "normalized": 93.4322}, {"day": 8, "normalized": 92.8226}, {"day": 9, "normalized": 91.9934}, {"day": 10, "normalized": 89.9481}, {"day": 11, "normalized": 89.61}, {"day": 12, "normalized": 90.0922}, {"day": 13, "normalized": 91.04}, {"day": 14, "normalized": 91.2673}]}, {"symbol": "ABT", "points": [{"day": 0, "normalized": 100.0}, {"day": 1, "normalized": 98.6187}, {"day": 2, "normalized": 98.5571}, {"day": 3, "normalized": 97.906}, {"day": 4, "normalized": 96.8766}, {"day": 5, "normalized": 97.8356}, {"day": 6, "normalized": 97.2374}, {"day": 7, "normalized": 98.9266}, {"day": 8, "normalized": 97.8093}, {"day": 9, "normalized": 98.0556}, {"day": 10, "normalized": 96.4729}, {"day": 11, "normalized": 96.2784}, {"day": 12, "normalized": 96.5613}, {"day": 13, "normalized": 93.6347}, {"day": 14, "normalized": 93.0777}]}, {"symbol": "ACN", "points": [{"day": 0, "normalized": 100.0}, {"day": 1, "normalized": 97.8535}, {"day": 2, "normalized": 97.0716}, {"day": 3, "normalized": 95.8657}, {"day": 4, "normalized": 95.3435}, {"day": 5, "normalized": 96.0734}, {"day": 6, "normalized": 95.7272}, {"day": 7, "normalized": 96.4917}, {"day": 8, "normalized": 93.9546}, {"day": 9, "normalized": 94.1834}, {"day": 10, "normalized": 91.348}, {"day": 11, "normalized": 90.7311}, {"day": 12, "normalized": 90.9251}, {"day": 13, "normalized": 91.0989}, {"day": 14, "normalized": 91.5218}]}, {"symbol": "ADBE", "points": [{"day": 0, "normalized": 100.0}, {"day": 1, "normalized": 99.5026}, {"day": 2, "normalized": 98.9318}, {"day": 3, "normalized": 98.4958}, {"day": 4, "normalized": 96.5339}, {"day": 5, "normalized": 96.1395}, {"day": 6, "normalized": 95.973}, {"day": 7, "normalized": 97.612}, {"day": 8, "normalized": 96.5557}, {"day": 9, "normalized": 95.973}, {"day": 10, "normalized": 93.9536}, {"day": 11, "normalized": 93.1629}, {"day": 12, "normalized": 94.3757}, {"day": 13, "normalized": 94.025}, {"day": 14, "normalized": 93.7733}]}, {"symbol": "AMD", "points": [{"day": 0, "normalized": 100.0}, {"day": 1, "normalized": 101.579}, {"day": 2, "normalized": 99.0083}, {"day": 3, "normalized": 100.1551}, {"day": 4, "normalized": 91.8777}, {"day": 5, "normalized": 94.4207}, {"day": 6, "normalized": 94.1326}, {"day": 7, "normalized": 94.6202}, {"day": 8, "normalized": 92.6035}, {"day": 9, "normalized": 94.4651}, {"day": 10, "normalized": 90.4648}, {"day": 11, "normalized": 88.8249}, {"day": 12, "normalized": 90.5646}, {"day": 13, "normalized": 85.3344}, {"day": 14, "normalized": 85.9217}]}, {"symbol": "AMZN", "points": [{"day": 0, "normalized": 100.0}, {"day": 1, "normalized": 100.3271}, {"day": 2, "normalized": 100.1719}, {"day": 3, "normalized": 101.1254}, {"day": 4, "normalized": 99.7893}, {"day": 5, "normalized": 102.6001}, {"day": 6, "normalized": 102.6666}, {"day": 7, "normalized": 102.9327}, {"day": 8, "normalized": 103.0879}, {"day": 9, "normalized": 104.8065}, {"day": 10, "normalized": 103.1877}, {"day": 11, "normalized": 101.7962}, {"day": 12, "normalized": 101.6299}, {"day": 13, "normalized": 100.4989}, {"day": 14, "normalized": 99.3569}]}, {"symbol": "AVGO", "points": [{"day": 0, "normalized": 100.0}, {"day": 1, "normalized": 101.8749}, {"day": 2, "normalized": 101.0073}, {"day": 3, "normalized": 102.852}, {"day": 4, "normalized": 99.4032}, {"day": 5, "normalized": 101.0578}, {"day": 6, "normalized": 100.8066}, {"day": 7, "normalized": 100.6541}, {"day": 8, "normalized": 99.7706}, {"day": 9, "normalized": 104.3043}, {"day": 10, "normalized": 101.4079}, {"day": 11, "normalized": 98.8894}, {"day": 12, "normalized": 100.2754}, {"day": 13, "normalized": 96.7723}, {"day": 14, "normalized": 94.9887}]}, {"symbol": "AXP", "points": [{"day": 0, "normalized": 100.0}, {"day": 1, "normalized": 99.9649}, {"day": 2, "normalized": 99.0513}, {"day": 3, "normalized": 99.5345}, {"day": 4, "normalized": 96.7413}, {"day": 5, "normalized": 98.0057}, {"day": 6, "normalized": 98.7326}, {"day": 7, "normalized": 96.8515}, {"day": 8, "normalized": 95.8867}, {"day": 9, "normalized": 96.129}, {"day": 10, "normalized": 96.129}, {"day": 11, "normalized": 96.2171}, {"day": 12, "normalized": 96.1906}, {"day": 13, "normalized": 95.8955}, {"day": 14, "normalized": 95.8206}]}, {"symbol": "BAC", "points": [{"day": 0, "normalized": 100.0}, {"day": 1, "normalized": 98.9451}, {"day": 2, "normalized": 98.365}, {"day": 3, "normalized": 98.7342}, {"day": 4, "normalized": 97.3629}, {"day": 5, "normalized": 97.8639}, {"day": 6, "normalized": 98.8924}, {"day": 7, "normalized": 99.4989}, {"day": 8, "normalized": 96.6508}, {"day": 9, "normalized": 95.8597}, {"day": 10, "normalized": 94.3829}, {"day": 11, "normalized": 94.8048}, {"day": 12, "normalized": 91.4557}, {"day": 13, "normalized": 92.9061}, {"day": 14, "normalized": 94.3302}]}, {"symbol": "BX", "points": [{"day": 0, "normalized": 100.0}, {"day": 1, "normalized": 99.7412}, {"day": 2, "normalized": 96.1483}, {"day": 3, "normalized": 96.3462}, {"day": 4, "normalized": 95.9199}, {"day": 5, "normalized": 97.115}, {"day": 6, "normalized": 98.4395}, {"day": 7, "normalized": 100.4796}, {"day": 8, "normalized": 95.9732}, {"day": 9, "normalized": 96.5746}, {"day": 10, "normalized": 93.9865}, {"day": 11, "normalized": 92.2357}, {"day": 12, "normalized": 92.7761}, {"day": 13, "normalized": 93.7733}, {"day": 14, "normalized": 91.5887}]}, {"symbol": "CAT", "points": [{"day": 0, "normalized": 100.0}, {"day": 1, "normalized": 99.2659}, {"day": 2, "normalized": 99.5633}, {"day": 3, "normalized": 102.5544}, {"day": 4, "normalized": 100.9169}, {"day": 5, "normalized": 103.5123}, {"day": 6, "normalized": 101.9212}, {"day": 7, "normalized": 101.4928}, {"day": 8, "normalized": 101.5392}, {"day": 9, "normalized": 101.5146}, {"day": 10, "normalized": 99.7817}, {"day": 11, "normalized": 99.3123}, {"day": 12, "normalized": 98.2125}, {"day": 13, "normalized": 97.7867}, {"day": 14, "normalized": 97.6803}]}], "covarianceHeatmap": {"day": 14, "symbols": ["AAPL", "ABBV", "ABT", "ACN", "ADBE", "AMD", "AMZN", "AVGO", "AXP", "BAC"], "values": [[0.000229, -2e-05, 2e-05, 0.000148, 3.7e-05, 2.8e-05, 5.6e-05, 1.1e-05, 2.3e-05, 8e-06], [-2e-05, 0.000178, 5.2e-05, 3.8e-05, 0.000151, 0.000128, 5.2e-05, 7.4e-05, 3.9e-05, 5.1e-05], [2e-05, 5.2e-05, 0.000152, 7.4e-05, 0.000141, 0.000104, 7e-05, 7.6e-05, 2.2e-05, 1.6e-05], [0.000148, 3.8e-05, 7.4e-05, 0.000448, 0.000161, 7.3e-05, 7.9e-05, -6.6e-05, 4.6e-05, 1.9e-05], [3.7e-05, 0.000151, 0.000141, 0.000161, 0.000865, -3.3e-05, 0.000163, 0.000161, 9.9e-05, 8.4e-05], [2.8e-05, 0.000128, 0.000104, 7.3e-05, -3.3e-05, 0.000742, 0.000138, 0.000347, 0.000139, 2e-05], [5.6e-05, 5.2e-05, 7e-05, 7.9e-05, 0.000163, 0.000138, 0.000152, 0.0002, 8.1e-05, 1.6e-05], [1.1e-05, 7.4e-05, 7.6e-05, -6.6e-05, 0.000161, 0.000347, 0.0002, 0.000693, 0.000142, 4e-05], [2.3e-05, 3.9e-05, 2.2e-05, 4.6e-05, 9.9e-05, 0.000139, 8.1e-05, 0.000142, 0.00014, 7.6e-05], [8e-06, 5.1e-05, 1.6e-05, 1.9e-05, 8.4e-05, 2e-05, 1.6e-05, 4e-05, 7.6e-05, 0.000187]]}}