{"id": "po_a400_t10_s01", "assets": 400, "periods": 10, "symbols": ["A", "AAPL", "ABBV", "ABNB", "ABT", "ACGL", "ACN", "ADBE", "ADI", "ADM", "ADP", "ADSK", "AEE", "AEP", "AFL", "AIG", "AJG", "ALL", "AMAT", "AMD", "AME", "AMGN", "AMP", "AMT", "AMZN", "ANET", "ANSS", "AON", "APD", "APH", "APO", "ATO", "AVB", "AVGO", "AWK", "AXON", "AXP", "AZO", "BA", "BAC", "BBY", "BDX", "BIIB", "BK", "BKNG", "BKR", "BLDR", "BLK", "BMY", "BR", "BRO", "BSX", "BX", "C", "CAH", "CARR", "CAT", "CB", "CBOE", "CBRE", "CCI", "CCL", "CDNS", "CDW", "CEG", "CFG", "CHD", "CHTR", "CI", "CINF", "CL", "CLX", "CMCSA", "CME", "CMG", "CMI", "CMS", "CNC", "CNP", "COF", "COO", "COP", "COR", "COST", "CPAY", "CPRT", "CRM", "CRWD", "CSCO", "CSGP", "CSX", "CTAS", "CTRA", "CTSH", "CTVA", "CVS", "CVX", "D", "DAL", "DD", "DE", "DECK", "DELL", "DFS", "DHI", "DHR", "DIS", "DLR", "DOV", "DOW", "DRI", "DTE", "DUK", "DVN", "DXCM", "EA", "EBAY", "ECL", "ED", "EFX", "EIX", "EL", "ELV", "EMR", "EOG", "EQIX", "EQR", "EQT", "ERIE", "ES", "ESS", "ETN", "ETR", "EW", "EXC", "EXPE", "EXR", "F", "FANG", "FAST", "FCX", "FDS", "FDX", "FE", "FI", "FICO", "FIS", "FITB", "FOX", "FOXA", "FSLR", "FTNT", "FTV", "GD", "GDDY", "GE", "GEHC", "GILD", "GIS", "GLW", "GM", "GOOG", "GOOGL", "GPN", "GRMN", "GS", "GWW", "HAL", "HBAN", "HCA", "HD", "HES", "HIG", "HLT", "HON", "HPE", "HPQ", "HSY", "HUBB", "HUM", "HWM", "IBM", "ICE", "IDXX", "IFF", "INTC", "INTU", "INVH", "IP", "IQV", "IR", "IRM", "ISRG", "IT", "ITW", "JBHT", "JBL", "JCI", "JNJ", "JPM", "K", "KDP", "KEY", "KEYS", "KHC", "KKR", "KLAC", "KMB", "KMI", "KO", "KR", "KVUE", "L", "LDOS", "LEN", "LH", "LHX", "LII", "LIN", "LLY", "LMT", "LOW", "LRCX", "LULU", "LUV", "LVS", "LYB", "LYV", "MA", "MAA", "MAR", "MCD", "MCHP", "MCK", "MCO", "MDLZ", "MDT", "MET", "META", "MKC", "MLM", "MMC", "MMM", "MNST", "MO", "MPC", "MPWR", "MRK", "MS", "MSCI", "MSFT", "MSI", "MTB", "MTD", "MU", "NDAQ", "NEE", "NEM", "NFLX", "NI", "NKE", "NOC", "NOW", "NRG", "NSC", "NTAP", "NTRS", "NUE", "NVDA", "NVR", "NXPI", "O", "ODFL", "OKE", "ON", "ORCL", "ORLY", "OTIS", "OXY", "PANW", "PAYX", "PCAR", "PCG", "PEG", "PEP", "PFE", "PFG", "PG", "PGR", "PH", "PHM", "PKG", "PLD", "PLTR", "PM", "PNC", "PODD", "PPG", "PPL", "PRU", "PSA", "PSX", "PTC", "PWR", "PYPL", "QCOM", "RCL", "REGN", "RF", "RJF", "RMD", "ROK", "ROL", "ROP", "ROST", "RSG", "RTX", "SBAC", "SBUX", "SCHW", "SHW", "SLB", "SMCI", "SNA", "SNPS", "SO", "SPG", "SPGI", "SRE", "STE", "STLD", "STT", "STX", "STZ", "SYF", "SYK", "SYY", "T", "TDG", "TDY", "TEL", "TER", "TFC", "TGT", "TJX", "TMO", "TMUS", "TPL", "TRGP", "TRMB", "TROW", "TRV", "TSCO", "TSLA", "TSN", "TT", "TTWO", "TXN", "TYL", "UAL", "UBER", "ULTA", "UNH", "UNP", "UPS", "URI", "USB", "V", "VICI", "VLO", "VLTO", "VMC", "VRSK", "VRSN", "VRTX", "VST", "VTR", "VZ", "WAB", "WAT", "WBD", "WDAY", "WDC", "WEC", "WELL", "WFC", "WM", "WMB", "WMT", "WRB", "WST", "WTW", "WY", "XEL", "XOM", "XYL", "YUM", "ZBH", "ZBRA", "ZTS"], "priceSeries": [{"symbol": "A", "points": [{"day": 0, "normalized": 100.0}, {"day": 1, "normalized": 100.2484}, {"day": 2, "normalized": 99.6949}, {"day": 3, "normalized": 98.5384}, {"day": 4, "normalized": 99.459}, {"day": 5, "normalized": 98.125}, {"day": 6, "normalized": 98.6454}, {"day": 7, "normalized": 98.6097}, {"day": 8, "normalized": 100.9043}, {"day": 9, "normalized": 100.7813}]}, {"symbol": "AAPL", "points": [{"day": 0, "normalized": 100.0}, {"day": 1, "normalized": 96.4608}, {"day": 2, "normalized": 95.7401}, {"day": 3, "normalized": 95.318}, {"day": 4, "normalized": 96.7102}, {"day": 5, "normalized": 97.9636}, {"day": 6, "normalized": 98.1298}, {"day": 7, "normalized": 95.773}, {"day": 8, "normalized": 94.4521}, {"day": 9, "normalized": 95.0547}]}, {"symbol": "ABBV", "points": [{"day": 0, "normalized": 100.0}, {"day": 1, "normalized": 100.3834}, {"day": 2, "normalized": 100.5117}, {"day": 3, "normalized": 99.7656}, {"day": 4, "normalized": 100.3598}, {"day": 5, "normalized": 100.0683}, {"day": 6, "normalized": 99.4593}, {"day": 7, "normalized": 99.2174}, {"day": 8, "normalized": 97.156}, {"day": 9, "normalized": 95.5509}]}, {"symbol": "ABNB", "points": [{"day": 0, "normalized": 100.0}, {"day": 1, "normalized": 99.7054}, {"day": 2, "normalized": 101.1193}, {"day": 3, "normalized": 101.7442}, {"day": 4, "normalized": 101.3363}, {"day": 5, "normalized": 104.4317}, {"day": 6, "normalized": 104.0391}, {"day": 7, "normalized": 101.016}, {"day": 8, "normalized": 101.3245}, {"day": 9, "normalized": 99.7634}]}, {"symbol": "ABT", "points": [{"day": 0, "normalized": 100.0}, {"day": 1, "normalized": 98.8746}, {"day": 2, "normalized": 97.4461}, {"day": 3, "normalized": 95.8173}, {"day": 4, "normalized": 96.1275}, {"day": 5, "normalized": 94.7769}, {"day": 6, "normalized": 95.4132}, {"day": 7, "normalized": 100.3582}, {"day": 8, "normalized": 100.3594}, {"day": 9, "normalized": 99.4405}]}, {"symbol": "ACGL", "points": [{"day": 0, "normalized": 100.0}, {"day": 1, "normalized": 98.8892}, {"day": 2, "normalized": 99.9849}, {"day": 3, "normalized": 100.1456}, {"day": 4, "normalized": 100.6851}, {"day": 5, "normalized": 99.5862}, {"day": 6, "normalized": 100.8112}, {"day": 7, "normalized": 102.0821}, {"day": 8, "normalized": 99.8417}, {"day": 9, "normalized": 99.5923}]}, {"symbol": "ACN", "points": [{"day": 0, "normalized": 100.0}, {"day": 1, "normalized": 95.6787}, {"day": 2, "normalized": 96.8025}, {"day": 3, "normalized": 93.5133}, {"day": 4, "normalized": 97.0551}, {"day": 5, "normalized": 95.5333}, {"day": 6, "normalized": 96.3146}, {"day": 7, "normalized": 93.2334}, {"day": 8, "normalized": 91.8535}, {"day": 9, "normalized": 94.0499}]}, {"symbol": "ADBE", "points": [{"day": 0, "normalized": 100.0}, {"day": 1, "normalized": 96.4861}, {"day": 2, "normalized": 92.863}, {"day": 3, "normalized": 93.1915}, {"day": 4, "normalized": 91.8822}, {"day": 5, "normalized": 94.651}, {"day": 6, "normalized": 95.8223}, {"day": 7, "normalized": 88.4479}, {"day": 8, "normalized": 88.0364}, {"day": 9, "normalized": 88.1991}]}, {"symbol": "ADI", "points": [{"day": 0, "normalized": 100.0}, {"day": 1, "normalized": 96.8675}, {"day": 2, "normalized": 96.7525}, {"day": 3, "normalized": 94.1635}, {"day": 4, "normalized": 93.7942}, {"day": 5, "normalized": 94.6804}, {"day": 6, "normalized": 94.0297}, {"day": 7, "normalized": 90.4162}, {"day": 8, "normalized": 90.4584}, {"day": 9, "normalized": 89.8605}]}, {"symbol": "ADM", "points": [{"day": 0, "normalized": 100.0}, {"day": 1, "normalized": 100.7465}, {"day": 2, "normalized": 100.7431}, {"day": 3, "normalized": 99.1194}, {"day": 4, "normalized": 100.1161}, {"day": 5, "normalized": 102.4275}, {"day": 6, "normalized": 101.5863}, {"day": 7, "normalized": 101.8488}, {"day": 8, "normalized": 104.5505}, {"day": 9, "normalized": 102.0434}]}, {"symbol": "ADP", "points": [{"day": 0, "normalized": 100.0}, {"day": 1, "normalized": 97.1558}, {"day": 2, "normalized": 96.8584}, {"day": 3, "normalized": 95.132}, {"day": 4, "normalized": 94.7232}, {"day": 5, "normalized": 96.5604}, {"day": 6, "normalized": 94.9461}, {"day": 7, "normalized": 92.9742}, {"day": 8, "normalized": 93.6112}, {"day": 9, "normalized": 93.1614}]}, {"symbol": "ADSK", "points": [{"day": 0, "normalized": 100.0}, {"day": 1, "normalized": 96.0426}, {"day": 2, "normalized": 96.3939}, {"day": 3, "normalized": 96.7633}, {"day": 4, "normalized": 93.9625}, {"day": 5, "normalized": 98.6155}, {"day": 6, "normalized": 97.8432}, {"day": 7, "normalized": 93.0177}, {"day": 8, "normalized": 91.6759}, {"day": 9, "normalized": 92.3851}]}], "covarianceHeatmap": {"day": 9, "symbols": ["A", "AAPL", "ABBV", "ABNB", "ABT", "ACGL", "ACN", "ADBE", "ADI", "ADM"], "values": [[0.00011, -7e-06, 4e-06, 0.0, 2.3e-05, 4e-06, 6.2e-05, 6e-05, 6.4e-05, 4.3e-05], [-7e-06, 0.000158, -4e-06, 7.2e-05, -3.6e-05, 7.1e-05, 0.00013, 0.000101, 7.7e-05, -1.4e-05], [4e-06, -4e-06, 8.4e-05, 6.4e-05, 2.2e-05, 1e-05, 3.7e-05, 2.9e-05, 2.3e-05, -1.1e-05], [0.0, 7.2e-05, 6.4e-05, 0.000527, -1.6e-05, 5.2e-05, 2.7e-05, 0.000113, 0.000183, 9.1e-05], [2.3e-05, -3.6e-05, 2.2e-05, -1.6e-05, 0.000178, 1.3e-05, -1.1e-05, -0.000106, -3.7e-05, 4.4e-05], [4e-06, 7.1e-05, 1e-05, 5.2e-05, 1.3e-05, 0.000148, 5.9e-05, -1e-06, 1.8e-05, -4.1e-05], [6.2e-05, 0.00013, 3.7e-05, 2.7e-05, -1.1e-05, 5.9e-05, 0.000346, 0.000137, 0.000109, -7.5e-05], [6e-05, 0.000101, 2.9e-05, 0.000113, -0.000106, -1e-06, 0.000137, 0.000739, 0.000217, -2.9e-05], [6.4e-05, 7.7e-05, 2.3e-05, 0.000183, -3.7e-05, 1.8e-05, 0.000109, 0.000217, 0.000251, 0.000102], [4.3e-05, -1.4e-05, -1.1e-05, 9.1e-05, 4.4e-05, -4.1e-05, -7.5e-05, -2.9e-05, 0.000102, 0.000334]]}}