{"id": "po_a200_t10_s00", "assets": 200, "periods": 10, "symbols": ["AAPL", "ABBV", "ABNB", "ABT", "ACN", "ADBE", "ADI", "ADP", "ADSK", "AEP", "AFL", "AJG", "ALL", "AMAT", "AMD", "AMGN", "AMP", "AMT", "AMZN", "ANET", "AON", "APD", "APH", "APO", "AVGO", "AXP", "AZO", "BA", "BAC", "BDX", "BK", "BKNG", "BLK", "BMY", "BSX", "BX", "C", "CARR", "CAT", "CB", "CDNS", "CEG", "CHTR", "CI", "CL", "CMCSA", "CME", "CMG", "CMI", "COF", "COP", "COST", "CPRT", "CRM", "CRWD", "CSCO", "CSX", "CTAS", "CVS", "CVX", "DE", "DELL", "DHR", "DIS", "DLR", "DUK", "ECL", "ELV", "EMR", "EOG", "EQIX", "ETN", "FANG", "FCX", "FDX", "FI", "FTNT", "GD", "GE", "GILD", "GM", "GOOG", "GOOGL", "GS", "GWW", "HCA", "HD", "HLT", "HON", "HWM", "IBM", "ICE", "INTC", "INTU", "ISRG", "ITW", "JCI", "JNJ", "JPM", "KKR", "KLAC", "KMI", "KO", "LIN", "LLY", "LMT", "LOW", "LRCX", "MA", "MAR", "MCD", "MCK", "MCO", "MDLZ", "MDT", "MET", "META", "MMC", "MMM", "MO", "MPC", "MRK", "MS", "MSFT", "MSI", "MU", "NEE", "NFLX", "NKE", "NOC", "NOW", "NSC", "NVDA", "NXPI", "OKE", "ORCL", "ORLY", "OXY", "PANW", "PAYX", "PCAR", "PEP", "PFE", "PG", "PGR", "PH", "PLD", "PLTR", "PM", "PNC", "PSA", "PSX", "PWR", "PYPL", "QCOM", "RCL", "REGN", "ROP", "ROST", "RSG", "RTX", "SBUX", "SCHW", "SHW", "SLB", "SNPS", "SO", "SPG", "SPGI", "SRE", "SYK", "T", "TDG", "TFC", "TGT", "TJX", "TMO", "TMUS", "TRV", "TSLA", "TT", "TXN", "UBER", "UNH", "UNP", "UPS", "URI", "USB", "V", "VRTX", "VST", "VZ", "WDAY", "WELL", "WFC", "WM", "WMB", "WMT", "XOM", "ZTS"], "priceSeries": [{"symbol": "AAPL", "points": [{"day": 0, "normalized": 100.0}, {"day": 1, "normalized": 100.5367}, {"day": 2, "normalized": 101.3268}, {"day": 3, "normalized": 99.4498}, {"day": 4, "normalized": 101.7139}, {"day": 5, "normalized": 100.6517}, {"day": 6, "normalized": 99.5877}, {"day": 7, "normalized": 100.539}, {"day": 8, "normalized": 102.1013}, {"day": 9, "normalized": 101.1363}]}, {"symbol": "ABBV", "points": [{"day": 0, "normalized": 100.0}, {"day": 1, "normalized": 100.1115}, {"day": 2, "normalized": 100.6557}, {"day": 3, "normalized": 98.919}, {"day": 4, "normalized": 101.4275}, {"day": 5, "normalized": 101.9264}, {"day": 6, "normalized": 101.3832}, {"day": 7, "normalized": 101.4317}, {"day": 8, "normalized": 99.2286}, {"day": 9, "normalized": 98.3513}]}, {"symbol": "ABNB", "points": [{"day": 0, "normalized": 100.0}, {"day": 1, "normalized": 101.1151}, {"day": 2, "normalized": 100.5031}, {"day": 3, "normalized": 98.6155}, {"day": 4, "normalized": 102.1094}, {"day": 5, "normalized": 102.6625}, {"day": 6, "normalized": 104.7394}, {"day": 7, "normalized": 104.2217}, {"day": 8, "normalized": 103.3352}, {"day": 9, "normalized": 102.7891}]}, {"symbol": "ABT", "points": [{"day": 0, "normalized": 100.0}, {"day": 1, "normalized": 99.7114}, {"day": 2, "normalized": 105.9226}, {"day": 3, "normalized": 106.3174}, {"day": 4, "normalized": 107.4514}, {"day": 5, "normalized": 106.177}, {"day": 6, "normalized": 104.728}, {"day": 7, "normalized": 103.5999}, {"day": 8, "normalized": 104.1653}, {"day": 9, "normalized": 101.7891}]}, {"symbol": "ACN", "points": [{"day": 0, "normalized": 100.0}, {"day": 1, "normalized": 98.3535}, {"day": 2, "normalized": 100.9324}, {"day": 3, "normalized": 99.6606}, {"day": 4, "normalized": 105.8784}, {"day": 5, "normalized": 105.6599}, {"day": 6, "normalized": 104.277}, {"day": 7, "normalized": 104.7287}, {"day": 8, "normalized": 104.1552}, {"day": 9, "normalized": 99.3847}]}, {"symbol": "ADBE", "points": [{"day": 0, "normalized": 100.0}, {"day": 1, "normalized": 106.1764}, {"day": 2, "normalized": 110.4325}, {"day": 3, "normalized": 107.8708}, {"day": 4, "normalized": 99.4654}, {"day": 5, "normalized": 97.2715}, {"day": 6, "normalized": 96.4857}, {"day": 7, "normalized": 95.3505}, {"day": 8, "normalized": 95.9975}, {"day": 9, "normalized": 95.5402}]}, {"symbol": "ADI", "points": [{"day": 0, "normalized": 100.0}, {"day": 1, "normalized": 98.5293}, {"day": 2, "normalized": 101.8658}, {"day": 3, "normalized": 101.1957}, {"day": 4, "normalized": 100.0491}, {"day": 5, "normalized": 100.1027}, {"day": 6, "normalized": 102.5967}, {"day": 7, "normalized": 103.8633}, {"day": 8, "normalized": 105.0658}, {"day": 9, "normalized": 104.43}]}, {"symbol": "ADP", "points": [{"day": 0, "normalized": 100.0}, {"day": 1, "normalized": 100.8734}, {"day": 2, "normalized": 100.9899}, {"day": 3, "normalized": 100.127}, {"day": 4, "normalized": 99.9105}, {"day": 5, "normalized": 99.6633}, {"day": 6, "normalized": 99.4982}, {"day": 7, "normalized": 99.331}, {"day": 8, "normalized": 100.0533}, {"day": 9, "normalized": 100.72}]}, {"symbol": "ADSK", "points": [{"day": 0, "normalized": 100.0}, {"day": 1, "normalized": 101.4738}, {"day": 2, "normalized": 102.0237}, {"day": 3, "normalized": 98.4125}, {"day": 4, "normalized": 97.8949}, {"day": 5, "normalized": 97.7043}, {"day": 6, "normalized": 100.0159}, {"day": 7, "normalized": 100.3359}, {"day": 8, "normalized": 101.7097}, {"day": 9, "normalized": 103.4312}]}, {"symbol": "AEP", "points": [{"day": 0, "normalized": 100.0}, {"day": 1, "normalized": 97.7073}, {"day": 2, "normalized": 101.5773}, {"day": 3, "normalized": 101.3244}, {"day": 4, "normalized": 101.707}, {"day": 5, "normalized": 100.3938}, {"day": 6, "normalized": 100.2463}, {"day": 7, "normalized": 101.0526}, {"day": 8, "normalized": 102.1053}, {"day": 9, "normalized": 102.2622}]}, {"symbol": "AFL", "points": [{"day": 0, "normalized": 100.0}, {"day": 1, "normalized": 100.9377}, {"day": 2, "normalized": 101.071}, {"day": 3, "normalized": 100.6385}, {"day": 4, "normalized": 101.3362}, {"day": 5, "normalized": 101.4652}, {"day": 6, "normalized": 102.292}, {"day": 7, "normalized": 102.3737}, {"day": 8, "normalized": 100.8018}, {"day": 9, "normalized": 101.5214}]}, {"symbol": "AJG", "points": [{"day": 0, "normalized": 100.0}, {"day": 1, "normalized": 101.3852}, {"day": 2, "normalized": 100.7586}, {"day": 3, "normalized": 99.9856}, {"day": 4, "normalized": 102.1458}, {"day": 5, "normalized": 102.4856}, {"day": 6, "normalized": 103.0214}, {"day": 7, "normalized": 102.9209}, {"day": 8, "normalized": 101.5767}, {"day": 9, "normalized": 100.5006}]}], "covarianceHeatmap": {"day": 9, "symbols": ["AAPL", "ABBV", "ABNB", "ABT", "ACN", "ADBE", "ADI", "ADP", "ADSK", "AEP"], "values": [[0.000114, 3.2e-05, 6.6e-05, 4.5e-05, 8e-05, -7e-06, 1.4e-05, 1.6e-05, 6.5e-05, 3.7e-05], [3.2e-05, 0.000122, 0.000119, 3e-05, 8.8e-05, 1.1e-05, -2e-06, 9e-06, 4.7e-05, 3e-06], [6.6e-05, 0.000119, 0.000446, -1.1e-05, 3.9e-05, -0.000118, 7.9e-05, 2.3e-05, 0.000149, 0.000121], [4.5e-05, 3e-05, -1.1e-05, 0.000231, 0.00012, 5.6e-05, 6.2e-05, 1.4e-05, -5.2e-05, 0.000112], [8e-05, 8.8e-05, 3.9e-05, 0.00012, 0.000321, -9.6e-05, 5.6e-05, -1.7e-05, -2e-06, 3.3e-05], [-7e-06, 1.1e-05, -0.000118, 5.6e-05, -9.6e-05, 0.000933, 0.000113, 1.4e-05, 0.000213, -0.000121], [1.4e-05, -2e-06, 7.9e-05, 6.2e-05, 5.6e-05, 0.000113, 0.000274, 1e-05, 0.000116, 9.1e-05], [1.6e-05, 9e-06, 2.3e-05, 1.4e-05, -1.7e-05, 1.4e-05, 1e-05, 3.9e-05, 3.3e-05, 6e-06], [6.5e-05, 4.7e-05, 0.000149, -5.2e-05, -2e-06, 0.000213, 0.000116, 3.3e-05, 0.000291, -0.0], [3.7e-05, 3e-06, 0.000121, 0.000112, 3.3e-05, -0.000121, 9.1e-05, 6e-06, -0.0, 0.000213]]}}