{"id": "po_a200_t10_s02", "assets": 200, "periods": 10, "symbols": ["AAPL", "ABBV", "ABNB", "ABT", "ACN", "ADBE", "ADI", "ADP", "ADSK", "AEP", "AFL", "AJG", "ALL", "AMAT", "AMD", "AMGN", "AMP", "AMT", "AMZN", "ANET", "AON", "APD", "APH", "APO", "AVGO", "AXP", "AZO", "BA", "BAC", "BDX", "BK", "BKNG", "BLK", "BMY", "BSX", "BX", "C", "CARR", "CAT", "CB", "CDNS", "CEG", "CHTR", "CI", "CL", "CMCSA", "CME", "CMG", "CMI", "COF", "COP", "COST", "CPRT", "CRM", "CRWD", "CSCO", "CSX", "CTAS", "CVS", "CVX", "DE", "DELL", "DHR", "DIS", "DLR", "DUK", "ECL", "ELV", "EMR", "EOG", "EQIX", "ETN", "FANG", "FCX", "FDX", "FI", "FTNT", "GD", "GE", "GILD", "GM", "GOOG", "GOOGL", "GS", "GWW", "HCA", "HD", "HLT", "HON", "HWM", "IBM", "ICE", "INTC", "INTU", "ISRG", "ITW", "JCI", "JNJ", "JPM", "KKR", "KLAC", "KMI", "KO", "LIN", "LLY", "LMT", "LOW", "LRCX", "MA", "MAR", "MCD", "MCK", "MCO", "MDLZ", "MDT", "MET", "META", "MMC", "MMM", "MO", "MPC", "MRK", "MS", "MSFT", "MSI", "MU", "NEE", "NFLX", "NKE", "NOC", "NOW", "NSC", "NVDA", "NXPI", "OKE", "ORCL", "ORLY", "OXY", "PANW", "PAYX", "PCAR", "PEP", "PFE", "PG", "PGR", "PH", "PLD", "PLTR", "PM", "PNC", "PSA", "PSX", "PWR", "PYPL", "QCOM", "RCL", "REGN", "ROP", "ROST", "RSG", "RTX", "SBUX", "SCHW", "SHW", "SLB", "SNPS", "SO", "SPG", "SPGI", "SRE", "SYK", "T", "TDG", "TFC", "TGT", "TJX", "TMO", "TMUS", "TRV", "TSLA", "TT", "TXN", "UBER", "UNH", "UNP", "UPS", "URI", "USB", "V", "VRTX", "VST", "VZ", "WDAY", "WELL", "WFC", "WM", "WMB", "WMT", "XOM", "ZTS"], "priceSeries": [{"symbol": "AAPL", "points": [{"day": 0, "normalized": 100.0}, {"day": 1, "normalized": 99.769}, {"day": 2, "normalized": 99.7923}, {"day": 3, "normalized": 101.6792}, {"day": 4, "normalized": 100.6084}, {"day": 5, "normalized": 101.5793}, {"day": 6, "normalized": 101.4668}, {"day": 7, "normalized": 100.6982}, {"day": 8, "normalized": 99.684}, {"day": 9, "normalized": 97.151}]}, {"symbol": "ABBV", "points": [{"day": 0, "normalized": 100.0}, {"day": 1, "normalized": 101.2356}, {"day": 2, "normalized": 100.5969}, {"day": 3, "normalized": 100.5894}, {"day": 4, "normalized": 100.8098}, {"day": 5, "normalized": 99.6556}, {"day": 6, "normalized": 99.8438}, {"day": 7, "normalized": 100.5953}, {"day": 8, "normalized": 98.215}, {"day": 9, "normalized": 96.9231}]}, {"symbol": "ABNB", "points": [{"day": 0, "normalized": 100.0}, {"day": 1, "normalized": 102.0157}, {"day": 2, "normalized": 103.3014}, {"day": 3, "normalized": 104.2851}, {"day": 4, "normalized": 102.7298}, {"day": 5, "normalized": 101.4592}, {"day": 6, "normalized": 101.4098}, {"day": 7, "normalized": 105.0142}, {"day": 8, "normalized": 104.6733}, {"day": 9, "normalized": 103.6776}]}, {"symbol": "ABT", "points": [{"day": 0, "normalized": 100.0}, {"day": 1, "normalized": 100.9006}, {"day": 2, "normalized": 101.0991}, {"day": 3, "normalized": 100.0378}, {"day": 4, "normalized": 98.2695}, {"day": 5, "normalized": 98.0611}, {"day": 6, "normalized": 99.0472}, {"day": 7, "normalized": 98.1613}, {"day": 8, "normalized": 97.1353}, {"day": 9, "normalized": 94.8407}]}, {"symbol": "ACN", "points": [{"day": 0, "normalized": 100.0}, {"day": 1, "normalized": 99.6211}, {"day": 2, "normalized": 99.2571}, {"day": 3, "normalized": 97.8466}, {"day": 4, "normalized": 93.8928}, {"day": 5, "normalized": 94.1509}, {"day": 6, "normalized": 95.3504}, {"day": 7, "normalized": 91.7022}, {"day": 8, "normalized": 90.5857}, {"day": 9, "normalized": 89.4292}]}, {"symbol": "ADBE", "points": [{"day": 0, "normalized": 100.0}, {"day": 1, "normalized": 104.8216}, {"day": 2, "normalized": 104.759}, {"day": 3, "normalized": 108.233}, {"day": 4, "normalized": 106.1356}, {"day": 5, "normalized": 105.3079}, {"day": 6, "normalized": 105.2807}, {"day": 7, "normalized": 107.5546}, {"day": 8, "normalized": 102.192}, {"day": 9, "normalized": 97.2525}]}, {"symbol": "ADI", "points": [{"day": 0, "normalized": 100.0}, {"day": 1, "normalized": 102.831}, {"day": 2, "normalized": 103.1528}, {"day": 3, "normalized": 105.3336}, {"day": 4, "normalized": 106.0899}, {"day": 5, "normalized": 106.2995}, {"day": 6, "normalized": 106.5606}, {"day": 7, "normalized": 106.6172}, {"day": 8, "normalized": 108.3949}, {"day": 9, "normalized": 107.5914}]}, {"symbol": "ADP", "points": [{"day": 0, "normalized": 100.0}, {"day": 1, "normalized": 100.1618}, {"day": 2, "normalized": 100.0087}, {"day": 3, "normalized": 98.9225}, {"day": 4, "normalized": 99.6255}, {"day": 5, "normalized": 99.7055}, {"day": 6, "normalized": 100.6785}, {"day": 7, "normalized": 101.5187}, {"day": 8, "normalized": 101.9112}, {"day": 9, "normalized": 100.6354}]}, {"symbol": "ADSK", "points": [{"day": 0, "normalized": 100.0}, {"day": 1, "normalized": 104.1904}, {"day": 2, "normalized": 104.9765}, {"day": 3, "normalized": 106.7673}, {"day": 4, "normalized": 106.0585}, {"day": 5, "normalized": 106.055}, {"day": 6, "normalized": 105.7509}, {"day": 7, "normalized": 106.6019}, {"day": 8, "normalized": 107.6938}, {"day": 9, "normalized": 106.3635}]}, {"symbol": "AEP", "points": [{"day": 0, "normalized": 100.0}, {"day": 1, "normalized": 102.2789}, {"day": 2, "normalized": 101.5962}, {"day": 3, "normalized": 105.0466}, {"day": 4, "normalized": 106.2751}, {"day": 5, "normalized": 105.0073}, {"day": 6, "normalized": 105.2011}, {"day": 7, "normalized": 104.9249}, {"day": 8, "normalized": 106.178}, {"day": 9, "normalized": 105.8211}]}, {"symbol": "AFL", "points": [{"day": 0, "normalized": 100.0}, {"day": 1, "normalized": 99.6987}, {"day": 2, "normalized": 99.9744}, {"day": 3, "normalized": 100.3459}, {"day": 4, "normalized": 100.972}, {"day": 5, "normalized": 101.5361}, {"day": 6, "normalized": 101.7859}, {"day": 7, "normalized": 102.2428}, {"day": 8, "normalized": 102.2363}, {"day": 9, "normalized": 103.4973}]}, {"symbol": "AJG", "points": [{"day": 0, "normalized": 100.0}, {"day": 1, "normalized": 99.5132}, {"day": 2, "normalized": 99.7592}, {"day": 3, "normalized": 99.2519}, {"day": 4, "normalized": 98.3496}, {"day": 5, "normalized": 98.6994}, {"day": 6, "normalized": 99.3696}, {"day": 7, "normalized": 99.6912}, {"day": 8, "normalized": 98.415}, {"day": 9, "normalized": 98.3796}]}], "covarianceHeatmap": {"day": 9, "symbols": ["AAPL", "ABBV", "ABNB", "ABT", "ACN", "ADBE", "ADI", "ADP", "ADSK", "AEP"], "values": [[9.8e-05, 2.4e-05, 4e-06, 3.9e-05, 9e-05, 0.000132, 5.2e-05, 1.4e-05, 5.9e-05, 2.3e-05], [2.4e-05, 8.3e-05, 1e-05, 3e-05, 2.7e-05, 0.000141, 1e-06, 2.2e-05, 3.8e-05, -1e-05], [4e-06, 1e-05, 0.00029, -1.4e-05, -1.8e-05, 7.9e-05, -2.1e-05, -1.5e-05, -1e-06, 1.7e-05], [3.9e-05, 3e-05, -1.4e-05, 0.000133, 9.6e-05, 4.3e-05, 5e-06, 2e-05, -9e-06, 3.2e-05], [9e-05, 2.7e-05, -1.8e-05, 9.6e-05, 0.000362, 0.000213, -4.6e-05, 1.9e-05, 3.2e-05, -3.4e-05], [0.000132, 0.000141, 7.9e-05, 4.3e-05, 0.000213, 0.000987, 3.8e-05, 5.5e-05, 0.000245, 3.1e-05], [5.2e-05, 1e-06, -2.1e-05, 5e-06, -4.6e-05, 3.8e-05, 0.000185, 1.4e-05, 0.000116, 6.5e-05], [1.4e-05, 2.2e-05, -1.5e-05, 2e-05, 1.9e-05, 5.5e-05, 1.4e-05, 4.7e-05, 4.7e-05, -2.4e-05], [5.9e-05, 3.8e-05, -1e-06, -9e-06, 3.2e-05, 0.000245, 0.000116, 4.7e-05, 0.000222, 1.2e-05], [2.3e-05, -1e-05, 1.7e-05, 3.2e-05, -3.4e-05, 3.1e-05, 6.5e-05, -2.4e-05, 1.2e-05, 0.000142]]}}