{"id": "po_a050_t10_s00", "assets": 50, "periods": 10, "symbols": ["AAPL", "ABBV", "ABT", "ACN", "ADBE", "AMD", "AMZN", "AVGO", "AXP", "BAC", "BX", "CAT", "COST", "CRM", "CSCO", "CVX", "DIS", "GE", "GOOG", "GOOGL", "GS", "HD", "IBM", "ISRG", "JNJ", "JPM", "KO", "LIN", "LLY", "MA", "MCD", "META", "MRK", "MS", "MSFT", "NFLX", "NOW", "NVDA", "ORCL", "PEP", "PG", "PM", "TMO", "TMUS", "TSLA", "UNH", "V", "WFC", "WMT", "XOM"], "priceSeries": [{"symbol": "AAPL", "points": [{"day": 0, "normalized": 100.0}, {"day": 1, "normalized": 99.9748}, {"day": 2, "normalized": 98.5136}, {"day": 3, "normalized": 98.0867}, {"day": 4, "normalized": 96.8449}, {"day": 5, "normalized": 97.2703}, {"day": 6, "normalized": 98.4474}, {"day": 7, "normalized": 98.4758}, {"day": 8, "normalized": 97.7716}, {"day": 9, "normalized": 98.4462}]}, {"symbol": "ABBV", "points": [{"day": 0, "normalized": 100.0}, {"day": 1, "normalized": 99.9557}, {"day": 2, "normalized": 100.5682}, {"day": 3, "normalized": 101.2856}, {"day": 4, "normalized": 102.0296}, {"day": 5, "normalized": 102.3336}, {"day": 6, "normalized": 100.819}, {"day": 7, "normalized": 99.7277}, {"day": 8, "normalized": 100.4995}, {"day": 9, "normalized": 101.9083}]}, {"symbol": "ABT", "points": [{"day": 0, "normalized": 100.0}, {"day": 1, "normalized": 98.7953}, {"day": 2, "normalized": 98.5564}, {"day": 3, "normalized": 100.2257}, {"day": 4, "normalized": 101.4514}, {"day": 5, "normalized": 99.7139}, {"day": 6, "normalized": 99.9837}, {"day": 7, "normalized": 99.8452}, {"day": 8, "normalized": 97.3735}, {"day": 9, "normalized": 97.2626}]}, {"symbol": "ACN", "points": [{"day": 0, "normalized": 100.0}, {"day": 1, "normalized": 101.1838}, {"day": 2, "normalized": 99.9025}, {"day": 3, "normalized": 101.1746}, {"day": 4, "normalized": 98.7909}, {"day": 5, "normalized": 99.3132}, {"day": 6, "normalized": 97.2068}, {"day": 7, "normalized": 98.3115}, {"day": 8, "normalized": 97.7333}, {"day": 9, "normalized": 97.0827}]}, {"symbol": "ADBE", "points": [{"day": 0, "normalized": 100.0}, {"day": 1, "normalized": 98.6676}, {"day": 2, "normalized": 101.1582}, {"day": 3, "normalized": 111.7783}, {"day": 4, "normalized": 113.1499}, {"day": 5, "normalized": 118.2222}, {"day": 6, "normalized": 116.2334}, {"day": 7, "normalized": 115.1155}, {"day": 8, "normalized": 115.6196}, {"day": 9, "normalized": 114.1588}]}, {"symbol": "AMD", "points": [{"day": 0, "normalized": 100.0}, {"day": 1, "normalized": 95.7291}, {"day": 2, "normalized": 96.1146}, {"day": 3, "normalized": 97.4369}, {"day": 4, "normalized": 98.7482}, {"day": 5, "normalized": 94.3959}, {"day": 6, "normalized": 92.3083}, {"day": 7, "normalized": 94.1319}, {"day": 8, "normalized": 96.154}, {"day": 9, "normalized": 97.6241}]}, {"symbol": "AMZN", "points": [{"day": 0, "normalized": 100.0}, {"day": 1, "normalized": 99.4292}, {"day": 2, "normalized": 99.4012}, {"day": 3, "normalized": 103.2069}, {"day": 4, "normalized": 103.0241}, {"day": 5, "normalized": 105.3344}, {"day": 6, "normalized": 104.7753}, {"day": 7, "normalized": 104.1329}, {"day": 8, "normalized": 104.8275}, {"day": 9, "normalized": 104.3004}]}, {"symbol": "AVGO", "points": [{"day": 0, "normalized": 100.0}, {"day": 1, "normalized": 101.636}, {"day": 2, "normalized": 101.6536}, {"day": 3, "normalized": 110.6135}, {"day": 4, "normalized": 110.4758}, {"day": 5, "normalized": 107.9043}, {"day": 6, "normalized": 104.8441}, {"day": 7, "normalized": 103.3625}, {"day": 8, "normalized": 103.0589}, {"day": 9, "normalized": 103.7766}]}, {"symbol": "AXP", "points": [{"day": 0, "normalized": 100.0}, {"day": 1, "normalized": 101.6491}, {"day": 2, "normalized": 102.0659}, {"day": 3, "normalized": 104.6199}, {"day": 4, "normalized": 104.856}, {"day": 5, "normalized": 105.1328}, {"day": 6, "normalized": 104.2412}, {"day": 7, "normalized": 102.2404}, {"day": 8, "normalized": 103.1254}, {"day": 9, "normalized": 101.3836}]}, {"symbol": "BAC", "points": [{"day": 0, "normalized": 100.0}, {"day": 1, "normalized": 101.1222}, {"day": 2, "normalized": 102.843}, {"day": 3, "normalized": 104.0119}, {"day": 4, "normalized": 105.5814}, {"day": 5, "normalized": 104.1902}, {"day": 6, "normalized": 104.3484}, {"day": 7, "normalized": 104.5784}, {"day": 8, "normalized": 104.4473}, {"day": 9, "normalized": 99.4506}]}, {"symbol": "BX", "points": [{"day": 0, "normalized": 100.0}, {"day": 1, "normalized": 99.9051}, {"day": 2, "normalized": 101.6587}, {"day": 3, "normalized": 104.9404}, {"day": 4, "normalized": 105.7163}, {"day": 5, "normalized": 105.4985}, {"day": 6, "normalized": 104.3836}, {"day": 7, "normalized": 100.35}, {"day": 8, "normalized": 97.3835}, {"day": 9, "normalized": 95.4511}]}, {"symbol": "CAT", "points": [{"day": 0, "normalized": 100.0}, {"day": 1, "normalized": 99.2632}, {"day": 2, "normalized": 99.7793}, {"day": 3, "normalized": 102.3679}, {"day": 4, "normalized": 102.485}, {"day": 5, "normalized": 101.1985}, {"day": 6, "normalized": 102.6738}, {"day": 7, "normalized": 103.0188}, {"day": 8, "normalized": 103.2425}, {"day": 9, "normalized": 103.502}]}], "covarianceHeatmap": {"day": 9, "symbols": ["AAPL", "ABBV", "ABT", "ACN", "ADBE", "AMD", "AMZN", "AVGO", "AXP", "BAC"], "values": [[9.3e-05, 2.4e-05, 2.9e-05, 8.7e-05, -1.9e-05, 2.3e-05, 6e-05, 9.6e-05, 2.5e-05, -4.2e-05], [2.4e-05, 8e-05, 2.4e-05, 0.0001, 5e-05, 0.000164, 9.5e-05, 0.000173, 4.4e-05, -3.8e-05], [2.9e-05, 2.4e-05, 0.000169, 8.2e-05, 7.3e-05, 3.8e-05, 3.7e-05, 0.000129, 4.9e-05, 3.6e-05], [8.7e-05, 0.0001, 8.2e-05, 0.000423, 9.1e-05, 0.000256, 0.000233, 0.000374, 0.000138, -1.5e-05], [-1.9e-05, 5e-05, 7.3e-05, 9.1e-05, 0.00105, 9e-05, 0.000276, 0.000333, 0.000169, 4.9e-05], [2.3e-05, 0.000164, 3.8e-05, 0.000256, 9e-05, 0.001365, 0.000411, 0.000735, 8.4e-05, -0.000102], [6e-05, 9.5e-05, 3.7e-05, 0.000233, 0.000276, 0.000411, 0.000347, 0.00046, 0.000152, 3e-06], [9.6e-05, 0.000173, 0.000129, 0.000374, 0.000333, 0.000735, 0.00046, 0.001037, 0.000252, -3.1e-05], [2.5e-05, 4.4e-05, 4.9e-05, 0.000138, 0.000169, 8.4e-05, 0.000152, 0.000252, 0.000162, 8.6e-05], [-4.2e-05, -3.8e-05, 3.6e-05, -1.5e-05, 4.9e-05, -0.000102, 3e-06, -3.1e-05, 8.6e-05, 0.000251]]}}