{"id": "po_a010_t15_orig", "assets": 10, "periods": 15, "symbols": ["AAPL", "AMZN", "AVGO", "GOOG", "GOOGL", "META", "MSFT", "NVDA", "TSLA", "WMT"], "priceSeries": [{"symbol": "AAPL", "points": [{"day": 0, "normalized": 100.0}, {"day": 1, "normalized": 99.1544}, {"day": 2, "normalized": 98.4605}, {"day": 3, "normalized": 98.9328}, {"day": 4, "normalized": 98.4488}, {"day": 5, "normalized": 98.892}, {"day": 6, "normalized": 98.233}, {"day": 7, "normalized": 98.9445}, {"day": 8, "normalized": 97.8423}, {"day": 9, "normalized": 102.076}, {"day": 10, "normalized": 102.9566}, {"day": 11, "normalized": 100.7056}, {"day": 12, "normalized": 98.7754}, {"day": 13, "normalized": 97.9706}, {"day": 14, "normalized": 97.4108}]}, {"symbol": "AMZN", "points": [{"day": 0, "normalized": 100.0}, {"day": 1, "normalized": 100.3271}, {"day": 2, "normalized": 100.1719}, {"day": 3, "normalized": 101.1254}, {"day": 4, "normalized": 99.7893}, {"day": 5, "normalized": 102.6001}, {"day": 6, "normalized": 102.6666}, {"day": 7, "normalized": 102.9327}, {"day": 8, "normalized": 103.0879}, {"day": 9, "normalized": 104.8065}, {"day": 10, "normalized": 103.1877}, {"day": 11, "normalized": 101.7962}, {"day": 12, "normalized": 101.6299}, {"day": 13, "normalized": 100.4989}, {"day": 14, "normalized": 99.3569}]}, {"symbol": "AVGO", "points": [{"day": 0, "normalized": 100.0}, {"day": 1, "normalized": 101.8749}, {"day": 2, "normalized": 101.0073}, {"day": 3, "normalized": 102.852}, {"day": 4, "normalized": 99.4032}, {"day": 5, "normalized": 101.0578}, {"day": 6, "normalized": 100.8066}, {"day": 7, "normalized": 100.6541}, {"day": 8, "normalized": 99.7706}, {"day": 9, "normalized": 104.3043}, {"day": 10, "normalized": 101.4079}, {"day": 11, "normalized": 98.8894}, {"day": 12, "normalized": 100.2754}, {"day": 13, "normalized": 96.7723}, {"day": 14, "normalized": 94.9887}]}, {"symbol": "GOOG", "points": [{"day": 0, "normalized": 100.0}, {"day": 1, "normalized": 102.7847}, {"day": 2, "normalized": 102.3709}, {"day": 3, "normalized": 102.6993}, {"day": 4, "normalized": 99.7898}, {"day": 5, "normalized": 101.1034}, {"day": 6, "normalized": 102.5483}, {"day": 7, "normalized": 103.8618}, {"day": 8, "normalized": 103.5466}, {"day": 9, "normalized": 105.6023}, {"day": 10, "normalized": 104.5514}, {"day": 11, "normalized": 102.6731}, {"day": 12, "normalized": 102.4563}, {"day": 13, "normalized": 103.0343}, {"day": 14, "normalized": 103.4152}]}, {"symbol": "GOOGL", "points": [{"day": 0, "normalized": 100.0}, {"day": 1, "normalized": 103.0213}, {"day": 2, "normalized": 102.4051}, {"day": 3, "normalized": 102.6436}, {"day": 4, "normalized": 99.735}, {"day": 5, "normalized": 101.0402}, {"day": 6, "normalized": 102.5972}, {"day": 7, "normalized": 103.7567}, {"day": 8, "normalized": 103.4519}, {"day": 9, "normalized": 105.6185}, {"day": 10, "normalized": 104.5054}, {"day": 11, "normalized": 102.6039}, {"day": 12, "normalized": 102.2991}, {"day": 13, "normalized": 103.008}, {"day": 14, "normalized": 103.3658}]}, {"symbol": "META", "points": [{"day": 0, "normalized": 100.0}, {"day": 1, "normalized": 101.1883}, {"day": 2, "normalized": 102.428}, {"day": 3, "normalized": 104.3577}, {"day": 4, "normalized": 105.2185}, {"day": 5, "normalized": 108.6}, {"day": 6, "normalized": 106.934}, {"day": 7, "normalized": 106.45}, {"day": 8, "normalized": 107.0534}, {"day": 9, "normalized": 107.7392}, {"day": 10, "normalized": 105.4203}, {"day": 11, "normalized": 103.017}, {"day": 12, "normalized": 102.9202}, {"day": 13, "normalized": 101.769}, {"day": 14, "normalized": 103.3403}]}, {"symbol": "MSFT", "points": [{"day": 0, "normalized": 100.0}, {"day": 1, "normalized": 100.9151}, {"day": 2, "normalized": 100.1711}, {"day": 3, "normalized": 99.9358}, {"day": 4, "normalized": 99.325}, {"day": 5, "normalized": 101.1409}, {"day": 6, "normalized": 100.9199}, {"day": 7, "normalized": 101.3215}, {"day": 8, "normalized": 100.6037}, {"day": 9, "normalized": 101.7137}, {"day": 10, "normalized": 100.2805}, {"day": 11, "normalized": 98.3172}, {"day": 12, "normalized": 98.5406}, {"day": 13, "normalized": 97.8893}, {"day": 14, "normalized": 96.09}]}, {"symbol": "NVDA", "points": [{"day": 0, "normalized": 100.0}, {"day": 1, "normalized": 100.0077}, {"day": 2, "normalized": 98.9995}, {"day": 3, "normalized": 98.4594}, {"day": 4, "normalized": 95.0739}, {"day": 5, "normalized": 97.4014}, {"day": 6, "normalized": 96.433}, {"day": 7, "normalized": 94.4641}, {"day": 8, "normalized": 96.329}, {"day": 9, "normalized": 100.2878}, {"day": 10, "normalized": 97.5984}, {"day": 11, "normalized": 95.1802}, {"day": 12, "normalized": 96.7451}, {"day": 13, "normalized": 93.0043}, {"day": 14, "normalized": 93.7082}]}, {"symbol": "TSLA", "points": [{"day": 0, "normalized": 100.0}, {"day": 1, "normalized": 99.6758}, {"day": 2, "normalized": 94.7892}, {"day": 3, "normalized": 95.7847}, {"day": 4, "normalized": 97.3377}, {"day": 5, "normalized": 93.8051}, {"day": 6, "normalized": 98.4015}, {"day": 7, "normalized": 100.6201}, {"day": 8, "normalized": 97.7075}, {"day": 9, "normalized": 99.3231}, {"day": 10, "normalized": 97.3036}, {"day": 11, "normalized": 91.8596}, {"day": 12, "normalized": 89.3737}, {"day": 13, "normalized": 88.4294}, {"day": 14, "normalized": 85.2893}]}, {"symbol": "WMT", "points": [{"day": 0, "normalized": 100.0}, {"day": 1, "normalized": 99.7175}, {"day": 2, "normalized": 98.3214}, {"day": 3, "normalized": 98.7701}, {"day": 4, "normalized": 98.8865}, {"day": 5, "normalized": 99.4682}, {"day": 6, "normalized": 99.3518}, {"day": 7, "normalized": 99.3685}, {"day": 8, "normalized": 100.7479}, {"day": 9, "normalized": 99.867}, {"day": 10, "normalized": 99.9501}, {"day": 11, "normalized": 99.6011}, {"day": 12, "normalized": 99.4516}, {"day": 13, "normalized": 99.1358}, {"day": 14, "normalized": 98.4876}]}], "covarianceHeatmap": {"day": 14, "symbols": ["AAPL", "AMZN", "AVGO", "GOOG", "GOOGL", "META", "MSFT", "NVDA", "TSLA", "WMT"], "values": [[0.000229, 5.6e-05, 1.1e-05, 8.8e-05, 8.9e-05, 2.3e-05, 4.7e-05, 2.8e-05, 0.000148, 3e-06], [5.6e-05, 0.000152, 0.0002, 7.9e-05, 8.2e-05, 0.00015, 0.00012, 0.000205, 7e-06, 1.5e-05], [1.1e-05, 0.0002, 0.000693, 0.000132, 0.000134, 0.00023, 0.000189, 0.000482, 0.000153, 1.5e-05], [8.8e-05, 7.9e-05, 0.000132, 0.000221, 0.000227, 7.4e-05, 9.2e-05, 9.3e-05, 0.000153, 3e-06], [8.9e-05, 8.2e-05, 0.000134, 0.000227, 0.000234, 8.3e-05, 9.4e-05, 0.000105, 0.000165, 3e-06], [2.3e-05, 0.00015, 0.00023, 7.4e-05, 8.3e-05, 0.000339, 0.000119, 0.000319, 4.7e-05, 2e-05], [4.7e-05, 0.00012, 0.000189, 9.2e-05, 9.4e-05, 0.000119, 0.000147, 0.000162, 3.5e-05, 2.5e-05], [2.8e-05, 0.000205, 0.000482, 9.3e-05, 0.000105, 0.000319, 0.000162, 0.000763, 5.6e-05, 2.7e-05], [0.000148, 7e-06, 0.000153, 0.000153, 0.000165, 4.7e-05, 3.5e-05, 5.6e-05, 0.000837, 3.9e-05], [3e-06, 1.5e-05, 1.5e-05, 3e-06, 3e-06, 2e-05, 2.5e-05, 2.7e-05, 3.9e-05, 4e-05]]}}