{"id": "po_a050_t15_s00", "assets": 50, "periods": 15, "symbols": ["AAPL", "ABBV", "ABT", "ACN", "ADBE", "AMD", "AMZN", "AVGO", "AXP", "BAC", "BX", "CAT", "COST", "CRM", "CSCO", "CVX", "DIS", "GE", "GOOG", "GOOGL", "GS", "HD", "IBM", "ISRG", "JNJ", "JPM", "KO", "LIN", "LLY", "MA", "MCD", "META", "MRK", "MS", "MSFT", "NFLX", "NOW", "NVDA", "ORCL", "PEP", "PG", "PM", "TMO", "TMUS", "TSLA", "UNH", "V", "WFC", "WMT", "XOM"], "priceSeries": [{"symbol": "AAPL", "points": [{"day": 0, "normalized": 100.0}, {"day": 1, "normalized": 99.9748}, {"day": 2, "normalized": 98.5136}, {"day": 3, "normalized": 98.0867}, {"day": 4, "normalized": 96.8449}, {"day": 5, "normalized": 97.2703}, {"day": 6, "normalized": 98.4474}, {"day": 7, "normalized": 98.4758}, {"day": 8, "normalized": 97.7716}, {"day": 9, "normalized": 98.4462}, {"day": 10, "normalized": 98.1065}, {"day": 11, "normalized": 97.7927}, {"day": 12, "normalized": 97.5885}, {"day": 13, "normalized": 93.7207}, {"day": 14, "normalized": 94.0791}]}, {"symbol": "ABBV", "points": [{"day": 0, "normalized": 100.0}, {"day": 1, "normalized": 99.9557}, {"day": 2, "normalized": 100.5682}, {"day": 3, "normalized": 101.2856}, {"day": 4, "normalized": 102.0296}, {"day": 5, "normalized": 102.3336}, {"day": 6, "normalized": 100.819}, {"day": 7, "normalized": 99.7277}, {"day": 8, "normalized": 100.4995}, {"day": 9, "normalized": 101.9083}, {"day": 10, "normalized": 99.6353}, {"day": 11, "normalized": 100.4695}, {"day": 12, "normalized": 101.3689}, {"day": 13, "normalized": 102.8959}, {"day": 14, "normalized": 103.013}]}, {"symbol": "ABT", "points": [{"day": 0, "normalized": 100.0}, {"day": 1, "normalized": 98.7953}, {"day": 2, "normalized": 98.5564}, {"day": 3, "normalized": 100.2257}, {"day": 4, "normalized": 101.4514}, {"day": 5, "normalized": 99.7139}, {"day": 6, "normalized": 99.9837}, {"day": 7, "normalized": 99.8452}, {"day": 8, "normalized": 97.3735}, {"day": 9, "normalized": 97.2626}, {"day": 10, "normalized": 98.2852}, {"day": 11, "normalized": 100.3073}, {"day": 12, "normalized": 99.739}, {"day": 13, "normalized": 99.5627}, {"day": 14, "normalized": 98.1231}]}, {"symbol": "ACN", "points": [{"day": 0, "normalized": 100.0}, {"day": 1, "normalized": 101.1838}, {"day": 2, "normalized": 99.9025}, {"day": 3, "normalized": 101.1746}, {"day": 4, "normalized": 98.7909}, {"day": 5, "normalized": 99.3132}, {"day": 6, "normalized": 97.2068}, {"day": 7, "normalized": 98.3115}, {"day": 8, "normalized": 97.7333}, {"day": 9, "normalized": 97.0827}, {"day": 10, "normalized": 98.1006}, {"day": 11, "normalized": 99.0612}, {"day": 12, "normalized": 103.0268}, {"day": 13, "normalized": 100.4498}, {"day": 14, "normalized": 99.2949}]}, {"symbol": "ADBE", "points": [{"day": 0, "normalized": 100.0}, {"day": 1, "normalized": 98.6676}, {"day": 2, "normalized": 101.1582}, {"day": 3, "normalized": 111.7783}, {"day": 4, "normalized": 113.1499}, {"day": 5, "normalized": 118.2222}, {"day": 6, "normalized": 116.2334}, {"day": 7, "normalized": 115.1155}, {"day": 8, "normalized": 115.6196}, {"day": 9, "normalized": 114.1588}, {"day": 10, "normalized": 117.7852}, {"day": 11, "normalized": 119.2577}, {"day": 12, "normalized": 120.8398}, {"day": 13, "normalized": 122.332}, {"day": 14, "normalized": 114.5276}]}, {"symbol": "AMD", "points": [{"day": 0, "normalized": 100.0}, {"day": 1, "normalized": 95.7291}, {"day": 2, "normalized": 96.1146}, {"day": 3, "normalized": 97.4369}, {"day": 4, "normalized": 98.7482}, {"day": 5, "normalized": 94.3959}, {"day": 6, "normalized": 92.3083}, {"day": 7, "normalized": 94.1319}, {"day": 8, "normalized": 96.154}, {"day": 9, "normalized": 97.6241}, {"day": 10, "normalized": 95.2505}, {"day": 11, "normalized": 96.675}, {"day": 12, "normalized": 95.8797}, {"day": 13, "normalized": 94.9641}, {"day": 14, "normalized": 86.5646}]}, {"symbol": "AMZN", "points": [{"day": 0, "normalized": 100.0}, {"day": 1, "normalized": 99.4292}, {"day": 2, "normalized": 99.4012}, {"day": 3, "normalized": 103.2069}, {"day": 4, "normalized": 103.0241}, {"day": 5, "normalized": 105.3344}, {"day": 6, "normalized": 104.7753}, {"day": 7, "normalized": 104.1329}, {"day": 8, "normalized": 104.8275}, {"day": 9, "normalized": 104.3004}, {"day": 10, "normalized": 104.1134}, {"day": 11, "normalized": 105.2038}, {"day": 12, "normalized": 105.1449}, {"day": 13, "normalized": 105.1978}, {"day": 14, "normalized": 101.5211}]}, {"symbol": "AVGO", "points": [{"day": 0, "normalized": 100.0}, {"day": 1, "normalized": 101.636}, {"day": 2, "normalized": 101.6536}, {"day": 3, "normalized": 110.6135}, {"day": 4, "normalized": 110.4758}, {"day": 5, "normalized": 107.9043}, {"day": 6, "normalized": 104.8441}, {"day": 7, "normalized": 103.3625}, {"day": 8, "normalized": 103.0589}, {"day": 9, "normalized": 103.7766}, {"day": 10, "normalized": 103.08}, {"day": 11, "normalized": 104.7476}, {"day": 12, "normalized": 102.9217}, {"day": 13, "normalized": 102.0754}, {"day": 14, "normalized": 92.267}]}, {"symbol": "AXP", "points": [{"day": 0, "normalized": 100.0}, {"day": 1, "normalized": 101.6491}, {"day": 2, "normalized": 102.0659}, {"day": 3, "normalized": 104.6199}, {"day": 4, "normalized": 104.856}, {"day": 5, "normalized": 105.1328}, {"day": 6, "normalized": 104.2412}, {"day": 7, "normalized": 102.2404}, {"day": 8, "normalized": 103.1254}, {"day": 9, "normalized": 101.3836}, {"day": 10, "normalized": 99.87}, {"day": 11, "normalized": 99.3521}, {"day": 12, "normalized": 100.6997}, {"day": 13, "normalized": 100.15}, {"day": 14, "normalized": 97.4206}]}, {"symbol": "BAC", "points": [{"day": 0, "normalized": 100.0}, {"day": 1, "normalized": 101.1222}, {"day": 2, "normalized": 102.843}, {"day": 3, "normalized": 104.0119}, {"day": 4, "normalized": 105.5814}, {"day": 5, "normalized": 104.1902}, {"day": 6, "normalized": 104.3484}, {"day": 7, "normalized": 104.5784}, {"day": 8, "normalized": 104.4473}, {"day": 9, "normalized": 99.4506}, {"day": 10, "normalized": 99.6025}, {"day": 11, "normalized": 100.79}, {"day": 12, "normalized": 100.1389}, {"day": 13, "normalized": 100.6659}, {"day": 14, "normalized": 102.3437}]}, {"symbol": "BX", "points": [{"day": 0, "normalized": 100.0}, {"day": 1, "normalized": 99.9051}, {"day": 2, "normalized": 101.6587}, {"day": 3, "normalized": 104.9404}, {"day": 4, "normalized": 105.7163}, {"day": 5, "normalized": 105.4985}, {"day": 6, "normalized": 104.3836}, {"day": 7, "normalized": 100.35}, {"day": 8, "normalized": 97.3835}, {"day": 9, "normalized": 95.4511}, {"day": 10, "normalized": 95.397}, {"day": 11, "normalized": 96.5398}, {"day": 12, "normalized": 96.2707}, {"day": 13, "normalized": 96.4448}, {"day": 14, "normalized": 98.2377}]}, {"symbol": "CAT", "points": [{"day": 0, "normalized": 100.0}, {"day": 1, "normalized": 99.2632}, {"day": 2, "normalized": 99.7793}, {"day": 3, "normalized": 102.3679}, {"day": 4, "normalized": 102.485}, {"day": 5, "normalized": 101.1985}, {"day": 6, "normalized": 102.6738}, {"day": 7, "normalized": 103.0188}, {"day": 8, "normalized": 103.2425}, {"day": 9, "normalized": 103.502}, {"day": 10, "normalized": 101.1741}, {"day": 11, "normalized": 102.2608}, {"day": 12, "normalized": 100.7191}, {"day": 13, "normalized": 101.9314}, {"day": 14, "normalized": 100.3928}]}], "covarianceHeatmap": {"day": 14, "symbols": ["AAPL", "ABBV", "ABT", "ACN", "ADBE", "AMD", "AMZN", "AVGO", "AXP", "BAC"], "values": [[0.000112, -1.2e-05, 1e-05, 8.6e-05, -5.7e-05, -4.5e-05, 3.5e-05, 5.7e-05, 1.4e-05, -2.4e-05], [-1.2e-05, 9.4e-05, 4e-06, 6.4e-05, 2.9e-05, 0.000137, 8.2e-05, 0.00015, 4.4e-05, -2.8e-05], [1e-05, 4e-06, 0.000126, 4.3e-05, 0.000112, 7.5e-05, 6.6e-05, 0.000192, 3.4e-05, 3.2e-05], [8.6e-05, 6.4e-05, 4.3e-05, 0.000439, 9.7e-05, 0.000197, 0.00022, 0.000341, 0.000134, -3.1e-05], [-5.7e-05, 2.9e-05, 0.000112, 9.7e-05, 0.001153, 0.00019, 0.00034, 0.000478, 0.000187, 1e-05], [-4.5e-05, 0.000137, 7.5e-05, 0.000197, 0.00019, 0.001478, 0.000483, 0.000952, 0.000148, -0.000102], [3.5e-05, 8.2e-05, 6.6e-05, 0.00022, 0.00034, 0.000483, 0.00037, 0.000578, 0.00018, -6e-06], [5.7e-05, 0.00015, 0.000192, 0.000341, 0.000478, 0.000952, 0.000578, 0.001355, 0.000341, -4.6e-05], [1.4e-05, 4.4e-05, 3.4e-05, 0.000134, 0.000187, 0.000148, 0.00018, 0.000341, 0.000199, 6.8e-05], [-2.4e-05, -2.8e-05, 3.2e-05, -3.1e-05, 1e-05, -0.000102, -6e-06, -4.6e-05, 6.8e-05, 0.000239]]}}