{"id": "po_a010_t10_orig", "assets": 10, "periods": 10, "symbols": ["AAPL", "AMZN", "AVGO", "GOOG", "GOOGL", "META", "MSFT", "NVDA", "TSLA", "WMT"], "priceSeries": [{"symbol": "AAPL", "points": [{"day": 0, "normalized": 100.0}, {"day": 1, "normalized": 99.1544}, {"day": 2, "normalized": 98.4605}, {"day": 3, "normalized": 98.9328}, {"day": 4, "normalized": 98.4488}, {"day": 5, "normalized": 98.892}, {"day": 6, "normalized": 98.233}, {"day": 7, "normalized": 98.9445}, {"day": 8, "normalized": 97.8423}, {"day": 9, "normalized": 102.076}]}, {"symbol": "AMZN", "points": [{"day": 0, "normalized": 100.0}, {"day": 1, "normalized": 100.3271}, {"day": 2, "normalized": 100.1719}, {"day": 3, "normalized": 101.1254}, {"day": 4, "normalized": 99.7893}, {"day": 5, "normalized": 102.6001}, {"day": 6, "normalized": 102.6666}, {"day": 7, "normalized": 102.9327}, {"day": 8, "normalized": 103.0879}, {"day": 9, "normalized": 104.8065}]}, {"symbol": "AVGO", "points": [{"day": 0, "normalized": 100.0}, {"day": 1, "normalized": 101.8749}, {"day": 2, "normalized": 101.0073}, {"day": 3, "normalized": 102.852}, {"day": 4, "normalized": 99.4032}, {"day": 5, "normalized": 101.0578}, {"day": 6, "normalized": 100.8066}, {"day": 7, "normalized": 100.6541}, {"day": 8, "normalized": 99.7706}, {"day": 9, "normalized": 104.3043}]}, {"symbol": "GOOG", "points": [{"day": 0, "normalized": 100.0}, {"day": 1, "normalized": 102.7847}, {"day": 2, "normalized": 102.3709}, {"day": 3, "normalized": 102.6993}, {"day": 4, "normalized": 99.7898}, {"day": 5, "normalized": 101.1034}, {"day": 6, "normalized": 102.5483}, {"day": 7, "normalized": 103.8618}, {"day": 8, "normalized": 103.5466}, {"day": 9, "normalized": 105.6023}]}, {"symbol": "GOOGL", "points": [{"day": 0, "normalized": 100.0}, {"day": 1, "normalized": 103.0213}, {"day": 2, "normalized": 102.4051}, {"day": 3, "normalized": 102.6436}, {"day": 4, "normalized": 99.735}, {"day": 5, "normalized": 101.0402}, {"day": 6, "normalized": 102.5972}, {"day": 7, "normalized": 103.7567}, {"day": 8, "normalized": 103.4519}, {"day": 9, "normalized": 105.6185}]}, {"symbol": "META", "points": [{"day": 0, "normalized": 100.0}, {"day": 1, "normalized": 101.1883}, {"day": 2, "normalized": 102.428}, {"day": 3, "normalized": 104.3577}, {"day": 4, "normalized": 105.2185}, {"day": 5, "normalized": 108.6}, {"day": 6, "normalized": 106.934}, {"day": 7, "normalized": 106.45}, {"day": 8, "normalized": 107.0534}, {"day": 9, "normalized": 107.7392}]}, {"symbol": "MSFT", "points": [{"day": 0, "normalized": 100.0}, {"day": 1, "normalized": 100.9151}, {"day": 2, "normalized": 100.1711}, {"day": 3, "normalized": 99.9358}, {"day": 4, "normalized": 99.325}, {"day": 5, "normalized": 101.1409}, {"day": 6, "normalized": 100.9199}, {"day": 7, "normalized": 101.3215}, {"day": 8, "normalized": 100.6037}, {"day": 9, "normalized": 101.7137}]}, {"symbol": "NVDA", "points": [{"day": 0, "normalized": 100.0}, {"day": 1, "normalized": 100.0077}, {"day": 2, "normalized": 98.9995}, {"day": 3, "normalized": 98.4594}, {"day": 4, "normalized": 95.0739}, {"day": 5, "normalized": 97.4014}, {"day": 6, "normalized": 96.433}, {"day": 7, "normalized": 94.4641}, {"day": 8, "normalized": 96.329}, {"day": 9, "normalized": 100.2878}]}, {"symbol": "TSLA", "points": [{"day": 0, "normalized": 100.0}, {"day": 1, "normalized": 99.6758}, {"day": 2, "normalized": 94.7892}, {"day": 3, "normalized": 95.7847}, {"day": 4, "normalized": 97.3377}, {"day": 5, "normalized": 93.8051}, {"day": 6, "normalized": 98.4015}, {"day": 7, "normalized": 100.6201}, {"day": 8, "normalized": 97.7075}, {"day": 9, "normalized": 99.3231}]}, {"symbol": "WMT", "points": [{"day": 0, "normalized": 100.0}, {"day": 1, "normalized": 99.7175}, {"day": 2, "normalized": 98.3214}, {"day": 3, "normalized": 98.7701}, {"day": 4, "normalized": 98.8865}, {"day": 5, "normalized": 99.4682}, {"day": 6, "normalized": 99.3518}, {"day": 7, "normalized": 99.3685}, {"day": 8, "normalized": 100.7479}, {"day": 9, "normalized": 99.867}]}], "covarianceHeatmap": {"day": 9, "symbols": ["AAPL", "AMZN", "AVGO", "GOOG", "GOOGL", "META", "MSFT", "NVDA", "TSLA", "WMT"], "values": [[0.000246, 6.5e-05, 2.2e-05, 0.000112, 0.000114, 2.8e-05, 6.2e-05, -3.2e-05, 0.000186, -2.3e-05], [6.5e-05, 0.000152, 0.000198, 7.5e-05, 7.8e-05, 0.000148, 0.000121, 0.00016, -3e-06, -1.4e-05], [2.2e-05, 0.000198, 0.000844, 6.4e-05, 7.6e-05, 0.000271, 0.000192, 0.000478, 0.000144, -9e-06], [0.000112, 7.5e-05, 6.4e-05, 0.000256, 0.000259, 4.3e-05, 8.3e-05, -1.3e-05, 0.000189, -2.7e-05], [0.000114, 7.8e-05, 7.6e-05, 0.000259, 0.000263, 5.5e-05, 8.6e-05, 3e-06, 0.000201, -2.7e-05], [2.8e-05, 0.000148, 0.000271, 4.3e-05, 5.5e-05, 0.000327, 0.000123, 0.000285, 4.7e-05, 8e-06], [6.2e-05, 0.000121, 0.000192, 8.3e-05, 8.6e-05, 0.000123, 0.000149, 0.000121, 1.6e-05, -4e-06], [-3.2e-05, 0.00016, 0.000478, -1.3e-05, 3e-06, 0.000285, 0.000121, 0.000774, -8.9e-05, 3.9e-05], [0.000186, -3e-06, 0.000144, 0.000189, 0.000201, 4.7e-05, 1.6e-05, -8.9e-05, 0.000897, -1.8e-05], [-2.3e-05, -1.4e-05, -9e-06, -2.7e-05, -2.7e-05, 8e-06, -4e-06, 3.9e-05, -1.8e-05, 5.9e-05]]}}