{"id": "po_a050_t10_s01", "assets": 50, "periods": 10, "symbols": ["AAPL", "ABBV", "ABT", "ACN", "ADBE", "AMD", "AMZN", "AVGO", "AXP", "BAC", "BX", "CAT", "COST", "CRM", "CSCO", "CVX", "DIS", "GE", "GOOG", "GOOGL", "GS", "HD", "IBM", "ISRG", "JNJ", "JPM", "KO", "LIN", "LLY", "MA", "MCD", "META", "MRK", "MS", "MSFT", "NFLX", "NOW", "NVDA", "ORCL", "PEP", "PG", "PM", "TMO", "TMUS", "TSLA", "UNH", "V", "WFC", "WMT", "XOM"], "priceSeries": [{"symbol": "AAPL", "points": [{"day": 0, "normalized": 100.0}, {"day": 1, "normalized": 99.5666}, {"day": 2, "normalized": 99.5578}, {"day": 3, "normalized": 99.3867}, {"day": 4, "normalized": 99.2011}, {"day": 5, "normalized": 98.6021}, {"day": 6, "normalized": 100.0442}, {"day": 7, "normalized": 99.771}, {"day": 8, "normalized": 98.4507}, {"day": 9, "normalized": 96.3565}]}, {"symbol": "ABBV", "points": [{"day": 0, "normalized": 100.0}, {"day": 1, "normalized": 98.2157}, {"day": 2, "normalized": 100.3956}, {"day": 3, "normalized": 101.2624}, {"day": 4, "normalized": 101.1625}, {"day": 5, "normalized": 100.4282}, {"day": 6, "normalized": 100.0258}, {"day": 7, "normalized": 97.3609}, {"day": 8, "normalized": 96.4267}, {"day": 9, "normalized": 96.4475}]}, {"symbol": "ABT", "points": [{"day": 0, "normalized": 100.0}, {"day": 1, "normalized": 98.7225}, {"day": 2, "normalized": 102.1243}, {"day": 3, "normalized": 102.1721}, {"day": 4, "normalized": 102.0902}, {"day": 5, "normalized": 101.8012}, {"day": 6, "normalized": 101.1483}, {"day": 7, "normalized": 99.1702}, {"day": 8, "normalized": 98.1058}, {"day": 9, "normalized": 97.3455}]}, {"symbol": "ACN", "points": [{"day": 0, "normalized": 100.0}, {"day": 1, "normalized": 99.2427}, {"day": 2, "normalized": 100.3381}, {"day": 3, "normalized": 101.0218}, {"day": 4, "normalized": 99.6003}, {"day": 5, "normalized": 98.3057}, {"day": 6, "normalized": 99.121}, {"day": 7, "normalized": 98.7955}, {"day": 8, "normalized": 97.4891}, {"day": 9, "normalized": 95.096}]}, {"symbol": "ADBE", "points": [{"day": 0, "normalized": 100.0}, {"day": 1, "normalized": 93.3479}, {"day": 2, "normalized": 96.0094}, {"day": 3, "normalized": 96.7389}, {"day": 4, "normalized": 98.4595}, {"day": 5, "normalized": 99.2675}, {"day": 6, "normalized": 97.3669}, {"day": 7, "normalized": 93.6888}, {"day": 8, "normalized": 88.8122}, {"day": 9, "normalized": 87.4359}]}, {"symbol": "AMD", "points": [{"day": 0, "normalized": 100.0}, {"day": 1, "normalized": 100.6972}, {"day": 2, "normalized": 102.4896}, {"day": 3, "normalized": 99.13}, {"day": 4, "normalized": 96.377}, {"day": 5, "normalized": 96.1726}, {"day": 6, "normalized": 93.116}, {"day": 7, "normalized": 89.6394}, {"day": 8, "normalized": 89.2009}, {"day": 9, "normalized": 87.2474}]}, {"symbol": "AMZN", "points": [{"day": 0, "normalized": 100.0}, {"day": 1, "normalized": 99.737}, {"day": 2, "normalized": 100.0531}, {"day": 3, "normalized": 99.3987}, {"day": 4, "normalized": 99.9842}, {"day": 5, "normalized": 98.7024}, {"day": 6, "normalized": 99.1659}, {"day": 7, "normalized": 98.1053}, {"day": 8, "normalized": 97.9701}, {"day": 9, "normalized": 97.6854}]}, {"symbol": "AVGO", "points": [{"day": 0, "normalized": 100.0}, {"day": 1, "normalized": 94.9035}, {"day": 2, "normalized": 98.1556}, {"day": 3, "normalized": 97.1989}, {"day": 4, "normalized": 96.2208}, {"day": 5, "normalized": 93.1536}, {"day": 6, "normalized": 89.626}, {"day": 7, "normalized": 87.4883}, {"day": 8, "normalized": 89.6308}, {"day": 9, "normalized": 92.4384}]}, {"symbol": "AXP", "points": [{"day": 0, "normalized": 100.0}, {"day": 1, "normalized": 98.3531}, {"day": 2, "normalized": 97.3882}, {"day": 3, "normalized": 95.9047}, {"day": 4, "normalized": 96.409}, {"day": 5, "normalized": 96.1914}, {"day": 6, "normalized": 95.879}, {"day": 7, "normalized": 95.5438}, {"day": 8, "normalized": 96.5281}, {"day": 9, "normalized": 97.6727}]}, {"symbol": "BAC", "points": [{"day": 0, "normalized": 100.0}, {"day": 1, "normalized": 99.9074}, {"day": 2, "normalized": 99.2239}, {"day": 3, "normalized": 97.7925}, {"day": 4, "normalized": 98.4143}, {"day": 5, "normalized": 99.5409}, {"day": 6, "normalized": 99.5518}, {"day": 7, "normalized": 100.1595}, {"day": 8, "normalized": 101.559}, {"day": 9, "normalized": 101.7261}]}, {"symbol": "BX", "points": [{"day": 0, "normalized": 100.0}, {"day": 1, "normalized": 98.4343}, {"day": 2, "normalized": 97.1061}, {"day": 3, "normalized": 94.7816}, {"day": 4, "normalized": 96.0431}, {"day": 5, "normalized": 95.3645}, {"day": 6, "normalized": 95.0567}, {"day": 7, "normalized": 94.5736}, {"day": 8, "normalized": 96.0121}, {"day": 9, "normalized": 96.6691}]}, {"symbol": "CAT", "points": [{"day": 0, "normalized": 100.0}, {"day": 1, "normalized": 100.2443}, {"day": 2, "normalized": 99.3467}, {"day": 3, "normalized": 97.4941}, {"day": 4, "normalized": 98.9201}, {"day": 5, "normalized": 99.7555}, {"day": 6, "normalized": 99.5101}, {"day": 7, "normalized": 98.9133}, {"day": 8, "normalized": 100.1038}, {"day": 9, "normalized": 100.397}]}], "covarianceHeatmap": {"day": 9, "symbols": ["AAPL", "ABBV", "ABT", "ACN", "ADBE", "AMD", "AMZN", "AVGO", "AXP", "BAC"], "values": [[0.00015, 2.3e-05, 2.6e-05, 9.8e-05, 3.5e-05, 7.6e-05, 8.4e-05, -7e-06, 1.2e-05, -1.8e-05], [2.3e-05, 0.000134, 5.6e-05, 6.5e-05, 0.000174, 0.000144, 6.8e-05, 0.000244, 6e-06, -6.3e-05], [2.6e-05, 5.6e-05, 0.000162, 4.4e-05, 0.000145, -3.5e-05, 2.2e-05, 5.3e-05, 1.1e-05, -1e-06], [9.8e-05, 6.5e-05, 4.4e-05, 0.000325, 9e-05, 0.000342, 0.00013, 0.000237, 5.5e-05, -5.1e-05], [3.5e-05, 0.000174, 0.000145, 9e-05, 0.000766, 0.000338, 0.000191, 0.000481, 6.9e-05, -5.5e-05], [7.6e-05, 0.000144, -3.5e-05, 0.000342, 0.000338, 0.001427, 0.000435, 0.00083, 5.6e-05, -5.9e-05], [8.4e-05, 6.8e-05, 2.2e-05, 0.00013, 0.000191, 0.000435, 0.000242, 0.000329, 8e-05, -4.2e-05], [-7e-06, 0.000244, 5.3e-05, 0.000237, 0.000481, 0.00083, 0.000329, 0.001025, 0.000122, -9.5e-05], [1.2e-05, 6e-06, 1.1e-05, 5.5e-05, 6.9e-05, 5.6e-05, 8e-05, 0.000122, 0.000148, -1.5e-05], [-1.8e-05, -6.3e-05, -1e-06, -5.1e-05, -5.5e-05, -5.9e-05, -4.2e-05, -9.5e-05, -1.5e-05, 0.00015]]}}