{"id": "po_a200_t15_orig", "assets": 200, "periods": 15, "symbols": ["AAPL", "ABBV", "ABNB", "ABT", "ACN", "ADBE", "ADI", "ADP", "ADSK", "AEP", "AFL", "AJG", "ALL", "AMAT", "AMD", "AMGN", "AMP", "AMT", "AMZN", "ANET", "AON", "APD", "APH", "APO", "AVGO", "AXP", "AZO", "BA", "BAC", "BDX", "BK", "BKNG", "BLK", "BMY", "BSX", "BX", "C", "CARR", "CAT", "CB", "CDNS", "CEG", "CHTR", "CI", "CL", "CMCSA", "CME", "CMG", "CMI", "COF", "COP", "COST", "CPRT", "CRM", "CRWD", "CSCO", "CSX", "CTAS", "CVS", "CVX", "DE", "DELL", "DHR", "DIS", "DLR", "DUK", "ECL", "ELV", "EMR", "EOG", "EQIX", "ETN", "FANG", "FCX", "FDX", "FI", "FTNT", "GD", "GE", "GILD", "GM", "GOOG", "GOOGL", "GS", "GWW", "HCA", "HD", "HLT", "HON", "HWM", "IBM", "ICE", "INTC", "INTU", "ISRG", "ITW", "JCI", "JNJ", "JPM", "KKR", "KLAC", "KMI", "KO", "LIN", "LLY", "LMT", "LOW", "LRCX", "MA", "MAR", "MCD", "MCK", "MCO", "MDLZ", "MDT", "MET", "META", "MMC", "MMM", "MO", "MPC", "MRK", "MS", "MSFT", "MSI", "MU", "NEE", "NFLX", "NKE", "NOC", "NOW", "NSC", "NVDA", "NXPI", "OKE", "ORCL", "ORLY", "OXY", "PANW", "PAYX", "PCAR", "PEP", "PFE", "PG", "PGR", "PH", "PLD", "PLTR", "PM", "PNC", "PSA", "PSX", "PWR", "PYPL", "QCOM", "RCL", "REGN", "ROP", "ROST", "RSG", "RTX", "SBUX", "SCHW", "SHW", "SLB", "SNPS", "SO", "SPG", "SPGI", "SRE", "SYK", "T", "TDG", "TFC", "TGT", "TJX", "TMO", "TMUS", "TRV", "TSLA", "TT", "TXN", "UBER", "UNH", "UNP", "UPS", "URI", "USB", "V", "VRTX", "VST", "VZ", "WDAY", "WELL", "WFC", "WM", "WMB", "WMT", "XOM", "ZTS"], "priceSeries": [{"symbol": "AAPL", "points": [{"day": 0, "normalized": 100.0}, {"day": 1, "normalized": 99.1544}, {"day": 2, "normalized": 98.4605}, {"day": 3, "normalized": 98.9328}, {"day": 4, "normalized": 98.4488}, {"day": 5, "normalized": 98.892}, {"day": 6, "normalized": 98.233}, {"day": 7, "normalized": 98.9445}, {"day": 8, "normalized": 97.8423}, {"day": 9, "normalized": 102.076}, {"day": 10, "normalized": 102.9566}, {"day": 11, "normalized": 100.7056}, {"day": 12, "normalized": 98.7754}, {"day": 13, "normalized": 97.9706}, {"day": 14, "normalized": 97.4108}]}, {"symbol": "ABBV", "points": [{"day": 0, "normalized": 100.0}, {"day": 1, "normalized": 99.2641}, {"day": 2, "normalized": 99.2257}, {"day": 3, "normalized": 97.3806}, {"day": 4, "normalized": 92.2021}, {"day": 5, "normalized": 93.3553}, {"day": 6, "normalized": 93.2455}, {"day": 7, "normalized": 93.4322}, {"day": 8, "normalized": 92.8226}, {"day": 9, "normalized": 91.9934}, {"day": 10, "normalized": 89.9481}, {"day": 11, "normalized": 89.61}, {"day": 12, "normalized": 90.0922}, {"day": 13, "normalized": 91.04}, {"day": 14, "normalized": 91.2673}]}, {"symbol": "ABNB", "points": [{"day": 0, "normalized": 100.0}, {"day": 1, "normalized": 99.0361}, {"day": 2, "normalized": 97.0599}, {"day": 3, "normalized": 96.5931}, {"day": 4, "normalized": 96.29}, {"day": 5, "normalized": 98.0662}, {"day": 6, "normalized": 97.1569}, {"day": 7, "normalized": 98.6057}, {"day": 8, "normalized": 97.1629}, {"day": 9, "normalized": 100.2789}, {"day": 10, "normalized": 96.6113}, {"day": 11, "normalized": 94.3259}, {"day": 12, "normalized": 94.9685}, {"day": 13, "normalized": 96.0051}, {"day": 14, "normalized": 97.0538}]}, {"symbol": "ABT", "points": [{"day": 0, "normalized": 100.0}, {"day": 1, "normalized": 98.6187}, {"day": 2, "normalized": 98.5571}, {"day": 3, "normalized": 97.906}, {"day": 4, "normalized": 96.8766}, {"day": 5, "normalized": 97.8356}, {"day": 6, "normalized": 97.2374}, {"day": 7, "normalized": 98.9266}, {"day": 8, "normalized": 97.8093}, {"day": 9, "normalized": 98.0556}, {"day": 10, "normalized": 96.4729}, {"day": 11, "normalized": 96.2784}, {"day": 12, "normalized": 96.5613}, {"day": 13, "normalized": 93.6347}, {"day": 14, "normalized": 93.0777}]}, {"symbol": "ACN", "points": [{"day": 0, "normalized": 100.0}, {"day": 1, "normalized": 97.8535}, {"day": 2, "normalized": 97.0716}, {"day": 3, "normalized": 95.8657}, {"day": 4, "normalized": 95.3435}, {"day": 5, "normalized": 96.0734}, {"day": 6, "normalized": 95.7272}, {"day": 7, "normalized": 96.4917}, {"day": 8, "normalized": 93.9546}, {"day": 9, "normalized": 94.1834}, {"day": 10, "normalized": 91.348}, {"day": 11, "normalized": 90.7311}, {"day": 12, "normalized": 90.9251}, {"day": 13, "normalized": 91.0989}, {"day": 14, "normalized": 91.5218}]}, {"symbol": "ADBE", "points": [{"day": 0, "normalized": 100.0}, {"day": 1, "normalized": 99.5026}, {"day": 2, "normalized": 98.9318}, {"day": 3, "normalized": 98.4958}, {"day": 4, "normalized": 96.5339}, {"day": 5, "normalized": 96.1395}, {"day": 6, "normalized": 95.973}, {"day": 7, "normalized": 97.612}, {"day": 8, "normalized": 96.5557}, {"day": 9, "normalized": 95.973}, {"day": 10, "normalized": 93.9536}, {"day": 11, "normalized": 93.1629}, {"day": 12, "normalized": 94.3757}, {"day": 13, "normalized": 94.025}, {"day": 14, "normalized": 93.7733}]}, {"symbol": "ADI", "points": [{"day": 0, "normalized": 100.0}, {"day": 1, "normalized": 99.4085}, {"day": 2, "normalized": 98.5288}, {"day": 3, "normalized": 98.7714}, {"day": 4, "normalized": 97.0474}, {"day": 5, "normalized": 98.4681}, {"day": 6, "normalized": 99.4439}, {"day": 7, "normalized": 103.2004}, {"day": 8, "normalized": 99.2619}, {"day": 9, "normalized": 100.4298}, {"day": 10, "normalized": 97.2092}, {"day": 11, "normalized": 96.2081}, {"day": 12, "normalized": 96.6834}, {"day": 13, "normalized": 95.7733}, {"day": 14, "normalized": 94.838}]}, {"symbol": "ADP", "points": [{"day": 0, "normalized": 100.0}, {"day": 1, "normalized": 98.2262}, {"day": 2, "normalized": 99.1671}, {"day": 3, "normalized": 98.1541}, {"day": 4, "normalized": 96.6966}, {"day": 5, "normalized": 98.042}, {"day": 6, "normalized": 98.7587}, {"day": 7, "normalized": 100.1081}, {"day": 8, "normalized": 98.4183}, {"day": 9, "normalized": 97.8698}, {"day": 10, "normalized": 97.6415}, {"day": 11, "normalized": 97.7336}, {"day": 12, "normalized": 97.7857}, {"day": 13, "normalized": 97.2611}, {"day": 14, "normalized": 96.8968}]}, {"symbol": "ADSK", "points": [{"day": 0, "normalized": 100.0}, {"day": 1, "normalized": 99.6237}, {"day": 2, "normalized": 95.5034}, {"day": 3, "normalized": 94.6087}, {"day": 4, "normalized": 94.0058}, {"day": 5, "normalized": 93.979}, {"day": 6, "normalized": 94.4205}, {"day": 7, "normalized": 95.2039}, {"day": 8, "normalized": 91.7787}, {"day": 9, "normalized": 92.5658}, {"day": 10, "normalized": 90.9991}, {"day": 11, "normalized": 88.1729}, {"day": 12, "normalized": 87.643}, {"day": 13, "normalized": 82.5282}, {"day": 14, "normalized": 80.8809}]}, {"symbol": "AEP", "points": [{"day": 0, "normalized": 100.0}, {"day": 1, "normalized": 98.2114}, {"day": 2, "normalized": 98.9663}, {"day": 3, "normalized": 97.9442}, {"day": 4, "normalized": 97.5145}, {"day": 5, "normalized": 97.5029}, {"day": 6, "normalized": 97.8746}, {"day": 7, "normalized": 98.8153}, {"day": 8, "normalized": 96.7364}, {"day": 9, "normalized": 96.295}, {"day": 10, "normalized": 95.3542}, {"day": 11, "normalized": 93.9721}, {"day": 12, "normalized": 92.3461}, {"day": 13, "normalized": 94.3554}, {"day": 14, "normalized": 95.8885}]}, {"symbol": "AFL", "points": [{"day": 0, "normalized": 100.0}, {"day": 1, "normalized": 99.2197}, {"day": 2, "normalized": 98.9168}, {"day": 3, "normalized": 99.208}, {"day": 4, "normalized": 98.253}, {"day": 5, "normalized": 99.4876}, {"day": 6, "normalized": 99.1614}, {"day": 7, "normalized": 96.867}, {"day": 8, "normalized": 96.5758}, {"day": 9, "normalized": 92.7556}, {"day": 10, "normalized": 93.5011}, {"day": 11, "normalized": 93.4894}, {"day": 12, "normalized": 93.6757}, {"day": 13, "normalized": 93.4778}, {"day": 14, "normalized": 94.3163}]}, {"symbol": "AJG", "points": [{"day": 0, "normalized": 100.0}, {"day": 1, "normalized": 98.8562}, {"day": 2, "normalized": 98.1283}, {"day": 3, "normalized": 98.1323}, {"day": 4, "normalized": 96.1046}, {"day": 5, "normalized": 97.5804}, {"day": 6, "normalized": 97.6484}, {"day": 7, "normalized": 97.6364}, {"day": 8, "normalized": 95.9926}, {"day": 9, "normalized": 95.2528}, {"day": 10, "normalized": 93.817}, {"day": 11, "normalized": 92.8211}, {"day": 12, "normalized": 92.5572}, {"day": 13, "normalized": 92.1933}, {"day": 14, "normalized": 93.581}]}], "covarianceHeatmap": {"day": 14, "symbols": ["AAPL", "ABBV", "ABNB", "ABT", "ACN", "ADBE", "ADI", "ADP", "ADSK", "AEP"], "values": [[0.000229, -2e-05, 5.8e-05, 2e-05, 0.000148, 3.7e-05, 5.3e-05, 2.1e-05, 9.1e-05, 2.5e-05], [-2e-05, 0.000178, 6.7e-05, 5.2e-05, 3.8e-05, 0.000151, 5.8e-05, 5.3e-05, 1e-05, 5.3e-05], [5.8e-05, 6.7e-05, 0.000266, 5.5e-05, 3.7e-05, 0.000228, 9.2e-05, 2.6e-05, 0.000127, 2.5e-05], [2e-05, 5.2e-05, 5.5e-05, 0.000152, 7.4e-05, 0.000141, 0.000121, 5.9e-05, 8.8e-05, 2.7e-05], [0.000148, 3.8e-05, 3.7e-05, 7.4e-05, 0.000448, 0.000161, 0.00014, 6.3e-05, 3.1e-05, 7.1e-05], [3.7e-05, 0.000151, 0.000228, 0.000141, 0.000161, 0.000865, 6e-05, 6e-05, 0.000167, 6e-06], [5.3e-05, 5.8e-05, 9.2e-05, 0.000121, 0.00014, 6e-05, 0.00032, 0.000112, 0.000177, 8.8e-05], [2.1e-05, 5.3e-05, 2.6e-05, 5.9e-05, 6.3e-05, 6e-05, 0.000112, 8.7e-05, 6.8e-05, 5.3e-05], [9.1e-05, 1e-05, 0.000127, 8.8e-05, 3.1e-05, 0.000167, 0.000177, 6.8e-05, 0.000346, -1.4e-05], [2.5e-05, 5.3e-05, 2.5e-05, 2.7e-05, 7.1e-05, 6e-06, 8.8e-05, 5.3e-05, -1.4e-05, 0.000136]]}}