{"id": "po_a010_t15_s02", "assets": 10, "periods": 15, "symbols": ["AAPL", "AMZN", "AVGO", "GOOG", "GOOGL", "META", "MSFT", "NVDA", "TSLA", "WMT"], "priceSeries": [{"symbol": "AAPL", "points": [{"day": 0, "normalized": 100.0}, {"day": 1, "normalized": 99.1473}, {"day": 2, "normalized": 100.0575}, {"day": 3, "normalized": 101.1998}, {"day": 4, "normalized": 102.9316}, {"day": 5, "normalized": 102.3791}, {"day": 6, "normalized": 102.513}, {"day": 7, "normalized": 101.0234}, {"day": 8, "normalized": 98.8179}, {"day": 9, "normalized": 98.0867}, {"day": 10, "normalized": 97.9262}, {"day": 11, "normalized": 97.0936}, {"day": 12, "normalized": 96.9801}, {"day": 13, "normalized": 97.6795}, {"day": 14, "normalized": 96.8945}]}, {"symbol": "AMZN", "points": [{"day": 0, "normalized": 100.0}, {"day": 1, "normalized": 101.2607}, {"day": 2, "normalized": 102.7981}, {"day": 3, "normalized": 103.2329}, {"day": 4, "normalized": 104.1964}, {"day": 5, "normalized": 104.1441}, {"day": 6, "normalized": 107.1033}, {"day": 7, "normalized": 106.3794}, {"day": 8, "normalized": 106.3088}, {"day": 9, "normalized": 104.4943}, {"day": 10, "normalized": 103.6547}, {"day": 11, "normalized": 103.5007}, {"day": 12, "normalized": 103.3775}, {"day": 13, "normalized": 102.8476}, {"day": 14, "normalized": 103.3724}]}, {"symbol": "AVGO", "points": [{"day": 0, "normalized": 100.0}, {"day": 1, "normalized": 104.1039}, {"day": 2, "normalized": 103.5605}, {"day": 3, "normalized": 102.3459}, {"day": 4, "normalized": 105.7293}, {"day": 5, "normalized": 106.5574}, {"day": 6, "normalized": 103.9241}, {"day": 7, "normalized": 105.7946}, {"day": 8, "normalized": 104.6573}, {"day": 9, "normalized": 101.7514}, {"day": 10, "normalized": 99.1974}, {"day": 11, "normalized": 96.7416}, {"day": 12, "normalized": 93.3647}, {"day": 13, "normalized": 94.8172}, {"day": 14, "normalized": 96.2282}]}, {"symbol": "GOOG", "points": [{"day": 0, "normalized": 100.0}, {"day": 1, "normalized": 99.2146}, {"day": 2, "normalized": 99.8398}, {"day": 3, "normalized": 100.2194}, {"day": 4, "normalized": 102.194}, {"day": 5, "normalized": 104.2055}, {"day": 6, "normalized": 107.1313}, {"day": 7, "normalized": 105.6816}, {"day": 8, "normalized": 107.3386}, {"day": 9, "normalized": 106.3126}, {"day": 10, "normalized": 106.3197}, {"day": 11, "normalized": 107.1508}, {"day": 12, "normalized": 105.4901}, {"day": 13, "normalized": 103.5903}, {"day": 14, "normalized": 105.5259}]}, {"symbol": "GOOGL", "points": [{"day": 0, "normalized": 100.0}, {"day": 1, "normalized": 99.309}, {"day": 2, "normalized": 100.0409}, {"day": 3, "normalized": 100.3845}, {"day": 4, "normalized": 102.5101}, {"day": 5, "normalized": 104.4843}, {"day": 6, "normalized": 107.5759}, {"day": 7, "normalized": 106.0219}, {"day": 8, "normalized": 107.3986}, {"day": 9, "normalized": 106.5119}, {"day": 10, "normalized": 106.4172}, {"day": 11, "normalized": 107.1711}, {"day": 12, "normalized": 105.3002}, {"day": 13, "normalized": 103.2788}, {"day": 14, "normalized": 105.3289}]}, {"symbol": "META", "points": [{"day": 0, "normalized": 100.0}, {"day": 1, "normalized": 101.2513}, {"day": 2, "normalized": 103.4974}, {"day": 3, "normalized": 103.038}, {"day": 4, "normalized": 105.4864}, {"day": 5, "normalized": 104.859}, {"day": 6, "normalized": 107.2376}, {"day": 7, "normalized": 107.6573}, {"day": 8, "normalized": 105.2599}, {"day": 9, "normalized": 103.2186}, {"day": 10, "normalized": 103.6843}, {"day": 11, "normalized": 103.9005}, {"day": 12, "normalized": 102.8724}, {"day": 13, "normalized": 101.2156}, {"day": 14, "normalized": 102.1845}]}, {"symbol": "MSFT", "points": [{"day": 0, "normalized": 100.0}, {"day": 1, "normalized": 100.8567}, {"day": 2, "normalized": 102.4071}, {"day": 3, "normalized": 101.3386}, {"day": 4, "normalized": 101.97}, {"day": 5, "normalized": 102.1212}, {"day": 6, "normalized": 105.2166}, {"day": 7, "normalized": 104.6604}, {"day": 8, "normalized": 104.232}, {"day": 9, "normalized": 102.5506}, {"day": 10, "normalized": 102.2104}, {"day": 11, "normalized": 99.4481}, {"day": 12, "normalized": 98.8657}, {"day": 13, "normalized": 98.6821}, {"day": 14, "normalized": 99.616}]}, {"symbol": "NVDA", "points": [{"day": 0, "normalized": 100.0}, {"day": 1, "normalized": 105.5921}, {"day": 2, "normalized": 110.1377}, {"day": 3, "normalized": 108.2901}, {"day": 4, "normalized": 115.9962}, {"day": 5, "normalized": 115.4164}, {"day": 6, "normalized": 120.5937}, {"day": 7, "normalized": 120.4177}, {"day": 8, "normalized": 118.1533}, {"day": 9, "normalized": 117.1642}, {"day": 10, "normalized": 115.8184}, {"day": 11, "normalized": 118.005}, {"day": 12, "normalized": 118.2625}, {"day": 13, "normalized": 118.8648}, {"day": 14, "normalized": 120.6853}]}, {"symbol": "TSLA", "points": [{"day": 0, "normalized": 100.0}, {"day": 1, "normalized": 100.7076}, {"day": 2, "normalized": 102.1425}, {"day": 3, "normalized": 105.0906}, {"day": 4, "normalized": 105.1093}, {"day": 5, "normalized": 103.6884}, {"day": 6, "normalized": 99.9751}, {"day": 7, "normalized": 99.5138}, {"day": 8, "normalized": 101.783}, {"day": 9, "normalized": 99.8662}, {"day": 10, "normalized": 100.59}, {"day": 11, "normalized": 97.2951}, {"day": 12, "normalized": 94.7337}, {"day": 13, "normalized": 94.2934}, {"day": 14, "normalized": 103.5256}]}, {"symbol": "WMT", "points": [{"day": 0, "normalized": 100.0}, {"day": 1, "normalized": 101.155}, {"day": 2, "normalized": 99.9635}, {"day": 3, "normalized": 100.3406}, {"day": 4, "normalized": 100.2924}, {"day": 5, "normalized": 99.4398}, {"day": 6, "normalized": 99.6395}, {"day": 7, "normalized": 99.7073}, {"day": 8, "normalized": 100.6532}, {"day": 9, "normalized": 99.81}, {"day": 10, "normalized": 100.0949}, {"day": 11, "normalized": 100.0534}, {"day": 12, "normalized": 100.3911}, {"day": 13, "normalized": 100.7566}, {"day": 14, "normalized": 102.5278}]}], "covarianceHeatmap": {"day": 14, "symbols": ["AAPL", "AMZN", "AVGO", "GOOG", "GOOGL", "META", "MSFT", "NVDA", "TSLA", "WMT"], "values": [[0.000169, 1.2e-05, 8e-06, 3.5e-05, 3.7e-05, 3.6e-05, 2.8e-05, 0.0001, 0.000135, -3.5e-05], [1.2e-05, 0.000234, 0.000387, 0.000101, 0.000111, 0.000324, 0.000159, 0.000722, 0.000134, -1.1e-05], [8e-06, 0.000387, 0.001353, 9e-05, 0.000107, 0.000554, 0.000286, 0.001809, 0.000485, 2.5e-05], [3.5e-05, 0.000101, 9e-05, 0.000248, 0.00025, 8.9e-05, 0.000108, 0.000191, 7.1e-05, -5.1e-05], [3.7e-05, 0.000111, 0.000107, 0.00025, 0.000254, 0.000112, 0.000116, 0.000231, 7.5e-05, -4.8e-05], [3.6e-05, 0.000324, 0.000554, 8.9e-05, 0.000112, 0.000649, 0.000188, 0.001082, 0.000188, 5e-06], [2.8e-05, 0.000159, 0.000286, 0.000108, 0.000116, 0.000188, 0.00019, 0.000527, 0.000126, -0.0], [0.0001, 0.000722, 0.001809, 0.000191, 0.000231, 0.001082, 0.000527, 0.003494, 0.000648, 1e-06], [0.000135, 0.000134, 0.000485, 7.1e-05, 7.5e-05, 0.000188, 0.000126, 0.000648, 0.000971, -5e-06], [-3.5e-05, -1.1e-05, 2.5e-05, -5.1e-05, -4.8e-05, 5e-06, -0.0, 1e-06, -5e-06, 0.000105]]}}