{"id": "po_a400_t10_orig", "assets": 400, "periods": 10, "symbols": ["A", "AAPL", "ABBV", "ABNB", "ABT", "ACGL", "ACN", "ADBE", "ADI", "ADM", "ADP", "ADSK", "AEE", "AEP", "AFL", "AIG", "AJG", "ALL", "AMAT", "AMD", "AME", "AMGN", "AMP", "AMT", "AMZN", "ANET", "ANSS", "AON", "APD", "APH", "APO", "ATO", "AVB", "AVGO", "AWK", "AXON", "AXP", "AZO", "BA", "BAC", "BBY", "BDX", "BIIB", "BK", "BKNG", "BKR", "BLDR", "BLK", "BMY", "BR", "BRO", "BSX", "BX", "C", "CAH", "CARR", "CAT", "CB", "CBOE", "CBRE", "CCI", "CCL", "CDNS", "CDW", "CEG", "CFG", "CHD", "CHTR", "CI", "CINF", "CL", "CLX", "CMCSA", "CME", "CMG", "CMI", "CMS", "CNC", "CNP", "COF", "COO", "COP", "COR", "COST", "CPAY", "CPRT", "CRM", "CRWD", "CSCO", "CSGP", "CSX", "CTAS", "CTRA", "CTSH", "CTVA", "CVS", "CVX", "D", "DAL", "DD", "DE", "DECK", "DELL", "DFS", "DHI", "DHR", "DIS", "DLR", "DOV", "DOW", "DRI", "DTE", "DUK", "DVN", "DXCM", "EA", "EBAY", "ECL", "ED", "EFX", "EIX", "EL", "ELV", "EMR", "EOG", "EQIX", "EQR", "EQT", "ERIE", "ES", "ESS", "ETN", "ETR", "EW", "EXC", "EXPE", "EXR", "F", "FANG", "FAST", "FCX", "FDS", "FDX", "FE", "FI", "FICO", "FIS", "FITB", "FOX", "FOXA", "FSLR", "FTNT", "FTV", "GD", "GDDY", "GE", "GEHC", "GILD", "GIS", "GLW", "GM", "GOOG", "GOOGL", "GPN", "GRMN", "GS", "GWW", "HAL", "HBAN", "HCA", "HD", "HES", "HIG", "HLT", "HON", "HPE", "HPQ", "HSY", "HUBB", "HUM", "HWM", "IBM", "ICE", "IDXX", "IFF", "INTC", "INTU", "INVH", "IP", "IQV", "IR", "IRM", "ISRG", "IT", "ITW", "JBHT", "JBL", "JCI", "JNJ", "JPM", "K", "KDP", "KEY", "KEYS", "KHC", "KKR", "KLAC", "KMB", "KMI", "KO", "KR", "KVUE", "L", "LDOS", "LEN", "LH", "LHX", "LII", "LIN", "LLY", "LMT", "LOW", "LRCX", "LULU", "LUV", "LVS", "LYB", "LYV", "MA", "MAA", "MAR", "MCD", "MCHP", "MCK", "MCO", "MDLZ", "MDT", "MET", "META", "MKC", "MLM", "MMC", "MMM", "MNST", "MO", "MPC", "MPWR", "MRK", "MS", "MSCI", "MSFT", "MSI", "MTB", "MTD", "MU", "NDAQ", "NEE", "NEM", "NFLX", "NI", "NKE", "NOC", "NOW", "NRG", "NSC", "NTAP", "NTRS", "NUE", "NVDA", "NVR", "NXPI", "O", "ODFL", "OKE", "ON", "ORCL", "ORLY", "OTIS", "OXY", "PANW", "PAYX", "PCAR", "PCG", "PEG", "PEP", "PFE", "PFG", "PG", "PGR", "PH", "PHM", "PKG", "PLD", "PLTR", "PM", "PNC", "PODD", "PPG", "PPL", "PRU", "PSA", "PSX", "PTC", "PWR", "PYPL", "QCOM", "RCL", "REGN", "RF", "RJF", "RMD", "ROK", "ROL", "ROP", "ROST", "RSG", "RTX", "SBAC", "SBUX", "SCHW", "SHW", "SLB", "SMCI", "SNA", "SNPS", "SO", "SPG", "SPGI", "SRE", "STE", "STLD", "STT", "STX", "STZ", "SYF", "SYK", "SYY", "T", "TDG", "TDY", "TEL", "TER", "TFC", "TGT", "TJX", "TMO", "TMUS", "TPL", "TRGP", "TRMB", "TROW", "TRV", "TSCO", "TSLA", "TSN", "TT", "TTWO", "TXN", "TYL", "UAL", "UBER", "ULTA", "UNH", "UNP", "UPS", "URI", "USB", "V", "VICI", "VLO", "VLTO", "VMC", "VRSK", "VRSN", "VRTX", "VST", "VTR", "VZ", "WAB", "WAT", "WBD", "WDAY", "WDC", "WEC", "WELL", "WFC", "WM", "WMB", "WMT", "WRB", "WST", "WTW", "WY", "XEL", "XOM", "XYL", "YUM", "ZBH", "ZBRA", "ZTS"], "priceSeries": [{"symbol": "A", "points": [{"day": 0, "normalized": 100.0}, {"day": 1, "normalized": 100.1969}, {"day": 2, "normalized": 99.2401}, {"day": 3, "normalized": 98.9372}, {"day": 4, "normalized": 97.292}, {"day": 5, "normalized": 99.2057}, {"day": 6, "normalized": 99.4397}, {"day": 7, "normalized": 101.4634}, {"day": 8, "normalized": 99.2332}, {"day": 9, "normalized": 99.8114}]}, {"symbol": "AAPL", "points": [{"day": 0, "normalized": 100.0}, {"day": 1, "normalized": 99.1544}, {"day": 2, "normalized": 98.4605}, {"day": 3, "normalized": 98.9328}, {"day": 4, "normalized": 98.4488}, {"day": 5, "normalized": 98.892}, {"day": 6, "normalized": 98.233}, {"day": 7, "normalized": 98.9445}, {"day": 8, "normalized": 97.8423}, {"day": 9, "normalized": 102.076}]}, {"symbol": "ABBV", "points": [{"day": 0, "normalized": 100.0}, {"day": 1, "normalized": 99.2641}, {"day": 2, "normalized": 99.2257}, {"day": 3, "normalized": 97.3806}, {"day": 4, "normalized": 92.2021}, {"day": 5, "normalized": 93.3553}, {"day": 6, "normalized": 93.2455}, {"day": 7, "normalized": 93.4322}, {"day": 8, "normalized": 92.8226}, {"day": 9, "normalized": 91.9934}]}, {"symbol": "ABNB", "points": [{"day": 0, "normalized": 100.0}, {"day": 1, "normalized": 99.0361}, {"day": 2, "normalized": 97.0599}, {"day": 3, "normalized": 96.5931}, {"day": 4, "normalized": 96.29}, {"day": 5, "normalized": 98.0662}, {"day": 6, "normalized": 97.1569}, {"day": 7, "normalized": 98.6057}, {"day": 8, "normalized": 97.1629}, {"day": 9, "normalized": 100.2789}]}, {"symbol": "ABT", "points": [{"day": 0, "normalized": 100.0}, {"day": 1, "normalized": 98.6187}, {"day": 2, "normalized": 98.5571}, {"day": 3, "normalized": 97.906}, {"day": 4, "normalized": 96.8766}, {"day": 5, "normalized": 97.8356}, {"day": 6, "normalized": 97.2374}, {"day": 7, "normalized": 98.9266}, {"day": 8, "normalized": 97.8093}, {"day": 9, "normalized": 98.0556}]}, {"symbol": "ACGL", "points": [{"day": 0, "normalized": 100.0}, {"day": 1, "normalized": 99.8594}, {"day": 2, "normalized": 98.9723}, {"day": 3, "normalized": 99.7728}, {"day": 4, "normalized": 98.5396}, {"day": 5, "normalized": 102.6612}, {"day": 6, "normalized": 102.2826}, {"day": 7, "normalized": 98.6802}, {"day": 8, "normalized": 99.7296}, {"day": 9, "normalized": 98.7776}]}, {"symbol": "ACN", "points": [{"day": 0, "normalized": 100.0}, {"day": 1, "normalized": 97.8535}, {"day": 2, "normalized": 97.0716}, {"day": 3, "normalized": 95.8657}, {"day": 4, "normalized": 95.3435}, {"day": 5, "normalized": 96.0734}, {"day": 6, "normalized": 95.7272}, {"day": 7, "normalized": 96.4917}, {"day": 8, "normalized": 93.9546}, {"day": 9, "normalized": 94.1834}]}, {"symbol": "ADBE", "points": [{"day": 0, "normalized": 100.0}, {"day": 1, "normalized": 99.5026}, {"day": 2, "normalized": 98.9318}, {"day": 3, "normalized": 98.4958}, {"day": 4, "normalized": 96.5339}, {"day": 5, "normalized": 96.1395}, {"day": 6, "normalized": 95.973}, {"day": 7, "normalized": 97.612}, {"day": 8, "normalized": 96.5557}, {"day": 9, "normalized": 95.973}]}, {"symbol": "ADI", "points": [{"day": 0, "normalized": 100.0}, {"day": 1, "normalized": 99.4085}, {"day": 2, "normalized": 98.5288}, {"day": 3, "normalized": 98.7714}, {"day": 4, "normalized": 97.0474}, {"day": 5, "normalized": 98.4681}, {"day": 6, "normalized": 99.4439}, {"day": 7, "normalized": 103.2004}, {"day": 8, "normalized": 99.2619}, {"day": 9, "normalized": 100.4298}]}, {"symbol": "ADM", "points": [{"day": 0, "normalized": 100.0}, {"day": 1, "normalized": 99.2676}, {"day": 2, "normalized": 99.8249}, {"day": 3, "normalized": 99.7453}, {"day": 4, "normalized": 100.6846}, {"day": 5, "normalized": 101.0349}, {"day": 6, "normalized": 100.5891}, {"day": 7, "normalized": 101.7354}, {"day": 8, "normalized": 101.7195}, {"day": 9, "normalized": 99.6179}]}, {"symbol": "ADP", "points": [{"day": 0, "normalized": 100.0}, {"day": 1, "normalized": 98.2262}, {"day": 2, "normalized": 99.1671}, {"day": 3, "normalized": 98.1541}, {"day": 4, "normalized": 96.6966}, {"day": 5, "normalized": 98.042}, {"day": 6, "normalized": 98.7587}, {"day": 7, "normalized": 100.1081}, {"day": 8, "normalized": 98.4183}, {"day": 9, "normalized": 97.8698}]}, {"symbol": "ADSK", "points": [{"day": 0, "normalized": 100.0}, {"day": 1, "normalized": 99.6237}, {"day": 2, "normalized": 95.5034}, {"day": 3, "normalized": 94.6087}, {"day": 4, "normalized": 94.0058}, {"day": 5, "normalized": 93.979}, {"day": 6, "normalized": 94.4205}, {"day": 7, "normalized": 95.2039}, {"day": 8, "normalized": 91.7787}, {"day": 9, "normalized": 92.5658}]}], "covarianceHeatmap": {"day": 9, "symbols": ["A", "AAPL", "ABBV", "ABNB", "ABT", "ACGL", "ACN", "ADBE", "ADI", "ADM"], "values": [[0.000174, -1e-05, 4.3e-05, 3.7e-05, 7.4e-05, -3e-06, 6.2e-05, -4.2e-05, 0.000147, 1.9e-05], [-1e-05, 0.000246, -1.7e-05, 5.3e-05, 1.6e-05, 2.6e-05, 0.000158, 8e-05, 7.3e-05, -2.1e-05], [4.3e-05, -1.7e-05, 0.000185, 5.2e-05, 5.4e-05, 4.3e-05, 2.7e-05, 0.000126, 4e-05, 2.6e-05], [3.7e-05, 5.3e-05, 5.2e-05, 0.000248, 4.4e-05, -2.8e-05, 1e-05, 0.000218, 7.9e-05, 2.4e-05], [7.4e-05, 1.6e-05, 5.4e-05, 4.4e-05, 0.000137, -1.3e-05, 8.8e-05, 0.000139, 0.000102, -1.1e-05], [-3e-06, 2.6e-05, 4.3e-05, -2.8e-05, -1.3e-05, 0.000195, 5e-05, -5.6e-05, -2.1e-05, 2e-06], [6.2e-05, 0.000158, 2.7e-05, 1e-05, 8.8e-05, 5e-05, 0.000455, 0.000172, 0.000145, -1e-06], [-4.2e-05, 8e-05, 0.000126, 0.000218, 0.000139, -5.6e-05, 0.000172, 0.000922, 0.000101, 1.5e-05], [0.000147, 7.3e-05, 4e-05, 7.9e-05, 0.000102, -2.1e-05, 0.000145, 0.000101, 0.000328, 2.1e-05], [1.9e-05, -2.1e-05, 2.6e-05, 2.4e-05, -1.1e-05, 2e-06, -1e-06, 1.5e-05, 2.1e-05, 0.000163]]}}